Number,x1,y1,x2,y2
0,0,0,9674,9850
1,0,9850,9674,20000
2,9674,0,20000,9850
3,9674,9850,14546,14565
4,9674,14565,14546,20000
5,14546,9850,20000,14565
6,14546,14565,17519,17047
7,14546,17047,17519,20000
8,17519,14565,20000,17047
9,17519,17047,18723,18149
10,17519,18149,18723,20000
11,18723,17047,20000,18149
12,18723,18149,19430,19259
13,18723,19259,19430,20000
14,19430,18149,20000,19259
15,0,0,4805,5147
16,0,5147,4805,9850
17,4805,0,9674,5147
18,18723,17047,19045,17313
19,18723,17313,19045,18149
20,19045,17047,20000,17313
21,17519,17047,18281,17980
22,17519,17980,18281,18149
23,18281,17047,18723,17980
24,17519,17047,18383,17749
25,17519,17749,18383,18149
26,18383,17047,18723,17749
27,0,0,2216,2323
28,0,2323,2216,5147
29,2216,0,4805,2323
30,14546,17047,16307,18876
31,14546,18876,16307,20000
32,16307,17047,17519,18876
33,0,0,4906,4784
34,0,4784,4906,9850
35,4906,0,9674,4784
36,0,0,1180,901
37,0,901,1180,2323
38,1180,0,2216,901
39,0,4784,2142,7251
40,0,7251,2142,9850
41,2142,4784,4906,7251
42,0,2323,1491,4070
43,0,4070,1491,5147
44,1491,2323,2216,4070
45,0,4784,2092,7161
46,0,7161,2092,9850
47,2092,4784,4906,7161
48,0,7251,899,8931
49,0,8931,899,9850
50,899,7251,2142,8931
51,16307,17047,16554,18271
52,16307,18271,16554,18876
53,16554,17047,17519,18271
54,0,4784,790,6143
55,0,6143,790,7161
56,790,4784,2092,6143
57,18723,17047,19096,17749
58,18723,17749,19096,18149
59,19096,17047,20000,17749
60,0,4784,1439,6171
61,0,6171,1439,7251
62,1439,4784,2142,6171
63,14546,9850,17197,11934
64,14546,11934,17197,14565
65,17197,9850,20000,11934
66,9674,14565,12364,17148
67,9674,17148,12364,20000
68,12364,14565,14546,17148
69,0,901,609,1541
70,0,1541,609,2323
71,609,901,1180,1541
72,17519,17047,18160,17572
73,17519,17572,18160,18149
74,18160,17047,18723,17572
75,4805,0,7618,2945
76,4805,2945,7618,5147
77,7618,0,9674,2945
78,9674,9850,11720,12402
79,9674,12402,11720,14565
80,11720,9850,14546,12402
81,17197,9850,18561,11240
82,17197,11240,18561,11934
83,18561,9850,20000,11240
84,9674,14565,10991,15727
85,9674,15727,10991,17148
86,10991,14565,12364,15727
87,17519,14565,18464,15870
88,17519,15870,18464,17047
89,18464,14565,20000,15870
90,0,4784,1019,6060
91,0,6060,1019,7251
92,1019,4784,2142,6060
93,12364,14565,13328,15803
94,12364,15803,13328,17148
95,13328,14565,14546,15803
96,0,6060,765,7015
97,0,7015,765,7251
98,765,6060,1019,7015
99,12364,14565,13170,15639
100,12364,15639,13170,17148
101,13170,14565,14546,15639
102,4805,2945,5931,3847
103,4805,3847,5931,5147
104,5931,2945,7618,3847
105,0,6060,462,6588
106,0,6588,462,7251
107,462,6060,1019,6588
108,9674,14565,11919,17230
109,9674,17230,11919,20000
110,11919,14565,14546,17230
111,17197,9850,18026,10822
112,17197,10822,18026,11240
113,18026,9850,18561,10822
114,0,4784,2746,7260
115,0,7260,2746,9850
116,2746,4784,4906,7260
117,14546,18876,15809,19828
118,14546,19828,15809,20000
119,15809,18876,16307,19828
120,14546,18876,15664,19408
121,14546,19408,15664,20000
122,15664,18876,16307,19408
123,9674,9850,10875,11068
124,9674,11068,10875,12402
125,10875,9850,11720,11068
126,13170,14565,13483,15000
127,13170,15000,13483,15639
128,13483,14565,14546,15000
129,12364,14565,13490,15689
130,12364,15689,13490,17148
131,13490,14565,14546,15689
132,9674,15727,10619,16495
133,9674,16495,10619,17148
134,10619,15727,10991,16495
135,9674,14565,12334,17285
136,9674,17285,12334,20000
137,12334,14565,14546,17285
138,9674,14565,10560,15104
139,9674,15104,10560,15727
140,10560,14565,10991,15104
141,12364,14565,13071,15139
142,12364,15139,13071,15689
143,13071,14565,13490,15139
144,0,4784,1178,5874
145,0,5874,1178,7161
146,1178,4784,2092,5874
147,13170,14565,13999,14887
148,13170,14887,13999,15639
149,13999,14565,14546,14887
150,0,0,2278,2868
151,0,2868,2278,5147
152,2278,0,4805,2868
153,14546,9850,16979,12183
154,14546,12183,16979,14565
155,16979,9850,20000,12183
156,0,7251,882,8379
157,0,8379,882,9850
158,882,7251,2142,8379
159,0,9850,4519,14773
160,0,14773,4519,20000
161,4519,9850,9674,14773
162,9674,9850,10263,10532
163,9674,10532,10263,11068
164,10263,9850,10875,10532
165,14546,9850,17110,12579
166,14546,12579,17110,14565
167,17110,9850,20000,12579
168,0,0,1497,1131
169,0,1131,1497,2868
170,1497,0,2278,1131
171,0,6171,764,6502
172,0,6502,764,7251
173,764,6171,1439,6502
174,0,4784,2118,7060
175,0,7060,2118,9850
176,2118,4784,4906,7060
177,14546,17047,15788,17623
178,14546,17623,15788,18876
179,15788,17047,16307,17623
180,899,7251,1311,7828
181,899,7828,1311,8931
182,1311,7251,2142,7828
183,0,4784,678,5962
184,0,5962,678,7161
185,678,4784,2092,5962
186,882,7251,1659,7776
187,882,7776,1659,8379
188,1659,7251,2142,7776
189,14546,9850,15924,11150
190,14546,11150,15924,12579
191,15924,9850,17110,11150
192,0,7060,1251,8836
193,0,8836,1251,9850
194,1251,7060,2118,8836
195,16307,17047,17023,17948
196,16307,17948,17023,18876
197,17023,17047,17519,17948
198,0,4784,338,5770
199,0,5770,338,6060
200,338,4784,1019,5770
201,13170,14565,13962,14741
202,13170,14741,13962,15639
203,13962,14565,14546,14741
204,899,7251,1912,8061
205,899,8061,1912,8931
206,1912,7251,2142,8061
207,0,7060,744,8291
208,0,8291,744,8836
209,744,7060,1251,8291
210,14546,17047,15810,18228
211,14546,18228,15810,18876
212,15810,17047,16307,18228
213,2118,4784,3785,6077
214,2118,6077,3785,7060
215,3785,4784,4906,6077
216,15924,9850,16368,10896
217,15924,10896,16368,11150
218,16368,9850,17110,10896
219,0,8836,973,9351
220,0,9351,973,9850
221,973,8836,1251,9351
222,14546,9850,15608,11526
223,14546,11526,15608,12579
224,15608,9850,17110,11526
225,882,7251,1871,7752
226,882,7752,1871,8379
227,1871,7251,2142,7752
228,0,5147,2351,7260
229,0,7260,2351,9850
230,2351,5147,4805,7260
231,9674,14565,10692,15566
232,9674,15566,10692,17148
233,10692,14565,12364,15566
234,0,4784,1371,6310
235,0,6310,1371,7251
236,1371,4784,2142,6310
237,0,5147,907,6137
238,0,6137,907,7260
239,907,5147,2351,6137
240,17519,18149,18287,18787
241,17519,18787,18287,20000
242,18287,18149,18723,18787
243,0,5147,1098,6522
244,0,6522,1098,7260
245,1098,5147,2351,6522
246,14546,11150,14963,12120
247,14546,12120,14963,12579
248,14963,11150,15924,12120
249,1098,5147,1341,6121
250,1098,6121,1341,6522
251,1341,5147,2351,6121
252,14546,11526,14929,12309
253,14546,12309,14929,12579
254,14929,11526,15608,12309
255,14546,9850,15712,11106
256,14546,11106,15712,12579
257,15712,9850,17110,11106
258,0,4784,907,5133
259,0,5133,907,6171
260,907,4784,1439,5133
261,9674,9850,10619,11094
262,9674,11094,10619,12402
263,10619,9850,11720,11094
264,2118,4784,3443,6110
265,2118,6110,3443,7060
266,3443,4784,4906,6110
267,18723,17047,19381,17978
268,18723,17978,19381,18149
269,19381,17047,20000,17978
270,2278,0,3764,1818
271,2278,1818,3764,2868
272,3764,0,4805,1818
273,16307,17047,16882,18254
274,16307,18254,16882,18876
275,16882,17047,17519,18254
276,2278,0,2800,1161
277,2278,1161,2800,1818
278,2800,0,3764,1161
279,3785,4784,4700,5758
280,3785,5758,4700,6077
281,4700,4784,4906,5758
282,2278,0,3404,889
283,2278,889,3404,1818
284,3404,0,3764,889
285,10991,14565,11383,15149
286,10991,15149,11383,15727
287,11383,14565,12364,15149
288,2746,4784,4069,6064
289,2746,6064,4069,7260
290,4069,4784,4906,6064
291,2278,0,3148,643
292,2278,643,3148,1818
293,3148,0,3764,643
294,0,4784,1014,5377
295,0,5377,1014,6171
296,1014,4784,1439,5377
297,4805,0,6177,1154
298,4805,1154,6177,2945
299,6177,0,7618,1154
300,0,4784,1066,6406
301,0,6406,1066,7251
302,1066,4784,2142,6406
303,4805,3847,4969,4193
304,4805,4193,4969,5147
305,4969,3847,5931,4193
306,3785,4784,4532,5510
307,3785,5510,4532,6077
308,4532,4784,4906,5510
309,17519,14565,18384,15755
310,17519,15755,18384,17047
311,18384,14565,20000,15755
312,4805,3847,5332,4299
313,4805,4299,5332,5147
314,5332,3847,5931,4299
315,0,0,1030,1226
316,0,1226,1030,2868
317,1030,0,2278,1226
318,9674,14565,11224,16013
319,9674,16013,11224,17285
320,11224,14565,12334,16013
321,0,0,975,1439
322,0,1439,975,2323
323,975,0,2216,1439
324,1066,4784,1749,5266
325,1066,5266,1749,6406
326,1749,4784,2142,5266
327,2118,4784,3319,5802
328,2118,5802,3319,7060
329,3319,4784,4906,5802
330,11224,14565,11907,15412
331,11224,15412,11907,16013
332,11907,14565,12334,15412
333,9674,14565,10940,15935
334,9674,15935,10940,17230
335,10940,14565,11919,15935
336,13170,14565,13617,14734
337,13170,14734,13617,15639
338,13617,14565,14546,14734
339,14546,11526,15161,12292
340,14546,12292,15161,12579
341,15161,11526,15608,12292
342,0,4784,319,5619
343,0,5619,319,6171
344,319,4784,1439,5619
345,12364,14565,13319,15884
346,12364,15884,13319,17148
347,13319,14565,14546,15884
348,12364,14565,12549,15482
349,12364,15482,12549,15689
350,12549,14565,13490,15482
351,14546,11934,15714,13578
352,14546,13578,15714,14565
353,15714,11934,17197,13578
354,3785,4784,3998,5806
355,3785,5806,3998,6077
356,3998,4784,4906,5806
357,0,2323,378,2896
358,0,2896,378,4070
359,378,2323,1491,2896
360,0,5147,2277,7567
361,0,7567,2277,9850
362,2277,5147,4805,7567
363,11919,14565,13499,15975
364,11919,15975,13499,17230
365,13499,14565,14546,15975
366,12364,15689,13067,16554
367,12364,16554,13067,17148
368,13067,15689,13490,16554
369,17197,9850,18495,10773
370,17197,10773,18495,11934
371,18495,9850,20000,10773
372,14546,9850,16141,10608
373,14546,10608,16141,11934
374,16141,9850,17197,10608
375,790,4784,1112,5783
376,790,5783,1112,6143
377,1112,4784,2092,5783
378,2278,0,3165,821
379,2278,821,3165,1818
380,3165,0,3764,821
381,11919,15975,12610,16997
382,11919,16997,12610,17230
383,12610,15975,13499,16997
384,0,4784,899,5327
385,0,5327,899,5874
386,899,4784,1178,5327
387,975,0,1979,995
388,975,995,1979,1439
389,1979,0,2216,995
390,11720,9850,12897,10882
391,11720,10882,12897,12402
392,12897,9850,14546,10882
393,3443,4784,3868,5416
394,3443,5416,3868,6110
395,3868,4784,4906,5416
396,14546,17047,15339,17657
397,14546,17657,15339,18228
398,15339,17047,15810,17657
399,0,5874,313,6305
400,0,6305,313,7161
401,313,5874,1178,6305
402,0,6060,407,6898
403,0,6898,407,7251
404,407,6060,1019,6898
405,17519,17047,18426,17923
406,17519,17923,18426,18149
407,18426,17047,18723,17923
408,6177,0,7044,396
409,6177,396,7044,1154
410,7044,0,7618,396
411,1066,4784,1299,5684
412,1066,5684,1299,6406
413,1299,4784,2142,5684
414,9674,17148,11156,18867
415,9674,18867,11156,20000
416,11156,17148,12364,18867
417,0,5147,380,5787
418,0,5787,380,6522
419,380,5147,1098,5787
420,2746,4784,3948,5830
421,2746,5830,3948,7260
422,3948,4784,4906,5830
423,0,4784,1692,6231
424,0,6231,1692,7260
425,1692,4784,2746,6231
426,9674,16013,10645,16996
427,9674,16996,10645,17285
428,10645,16013,11224,16996
429,0,4784,719,5536
430,0,5536,719,6171
431,719,4784,1439,5536
432,2746,4784,3420,5619
433,2746,5619,3420,5830
434,3420,4784,3948,5619
435,9674,15935,10676,16488
436,9674,16488,10676,17230
437,10676,15935,10940,16488
438,14546,12579,15843,13681
439,14546,13681,15843,14565
440,15843,12579,17110,13681
441,0,4784,1273,6106
442,0,6106,1273,7251
443,1273,4784,2142,6106
444,975,0,1366,1059
445,975,1059,1366,1439
446,1366,0,2216,1059
447,9674,15566,10315,16130
448,9674,16130,10315,17148
449,10315,15566,10692,16130
450,0,6106,469,6687
451,0,6687,469,7251
452,469,6106,1273,6687
453,0,9850,4496,14549
454,0,14549,4496,20000
455,4496,9850,9674,14549
456,0,4784,182,5267
457,0,5267,182,6406
458,182,4784,1066,5267
459,1098,5147,1566,6163
460,1098,6163,1566,6522
461,1566,5147,2351,6163
462,0,7251,1230,8718
463,0,8718,1230,9850
464,1230,7251,2142,8718
465,0,7567,1143,8723
466,0,8723,1143,9850
467,1143,7567,2277,8723
468,2216,0,3550,1310
469,2216,1310,3550,2323
470,3550,0,4805,1310
471,4906,0,7303,2421
472,4906,2421,7303,4784
473,7303,0,9674,2421
474,1692,4784,2565,5472
475,1692,5472,2565,6231
476,2565,4784,2746,5472
477,17110,9850,18201,11250
478,17110,11250,18201,12579
479,18201,9850,20000,11250
480,3550,0,3975,811
481,3550,811,3975,1310
482,3975,0,4805,811
483,0,0,432,452
484,0,452,432,1226
485,432,0,1030,452
486,2216,0,3208,1053
487,2216,1053,3208,1310
488,3208,0,3550,1053
489,9674,14565,11971,16893
490,9674,16893,11971,20000
491,11971,14565,14546,16893
492,0,0,2439,2071
493,0,2071,2439,4784
494,2439,0,4906,2071
495,0,6106,596,6529
496,0,6529,596,7251
497,596,6106,1273,6529
498,17519,14565,18656,15550
499,17519,15550,18656,17047
500,18656,14565,20000,15550
501,14546,11934,15275,12670
502,14546,12670,15275,13578
503,15275,11934,15714,12670
504,0,4784,735,5312
505,0,5312,735,6060
506,735,4784,1019,5312
507,10692,14565,11818,14883
508,10692,14883,11818,15566
509,11818,14565,12364,14883
510,13499,14565,14084,15585
511,13499,15585,14084,15975
512,14084,14565,14546,15585
513,15608,9850,16188,10946
514,15608,10946,16188,11526
515,16188,9850,17110,10946
516,0,0,5191,5162
517,0,5162,5191,9850
518,5191,0,9674,5162
519,14546,9850,15735,11328
520,14546,11328,15735,12579
521,15735,9850,17110,11328
522,0,6060,655,6877
523,0,6877,655,7251
524,655,6060,1019,6877
525,18201,9850,18911,10562
526,18201,10562,18911,11250
527,18911,9850,20000,10562
528,14546,9850,17496,12264
529,14546,12264,17496,14565
530,17496,9850,20000,12264
531,0,0,2676,2696
532,0,2696,2676,5162
533,2676,0,5191,2696
534,2277,5147,3710,6373
535,2277,6373,3710,7567
536,3710,5147,4805,6373
537,4906,0,6097,1208
538,4906,1208,6097,2421
539,6097,0,7303,1208
540,18384,14565,19588,15500
541,18384,15500,19588,15755
542,19588,14565,20000,15500
543,2118,4784,2935,5773
544,2118,5773,2935,6077
545,2935,4784,3785,5773
546,1692,4784,2067,5622
547,1692,5622,2067,6231
548,2067,4784,2746,5622
549,1692,4784,2406,5345
550,1692,5345,2406,6231
551,2406,4784,2746,5345
552,14546,12579,15906,13576
553,14546,13576,15906,14565
554,15906,12579,17110,13576
555,0,2071,1040,3272
556,0,3272,1040,4784
557,1040,2071,2439,3272
558,2277,5147,2731,5821
559,2277,5821,2731,6373
560,2731,5147,3710,5821
561,4906,0,6476,811
562,4906,811,6476,2421
563,6476,0,7303,811
564,6097,0,6420,632
565,6097,632,6420,1208
566,6420,0,7303,632
567,14546,9850,17046,12313
568,14546,12313,17046,14565
569,17046,9850,20000,12313
570,0,0,451,723
571,0,723,451,1131
572,451,0,1497,723
573,4805,0,7014,2216
574,4805,2216,7014,5147
575,7014,0,9674,2216
576,9674,16893,10519,18290
577,9674,18290,10519,20000
578,10519,16893,11971,18290
579,10692,14565,11190,15045
580,10692,15045,11190,15566
581,11190,14565,12364,15045
582,17519,18149,18411,19303
583,17519,19303,18411,20000
584,18411,18149,18723,19303
585,14546,11934,15101,13153
586,14546,13153,15101,13578
587,15101,11934,15714,13153
588,17519,15550,17956,16516
589,17519,16516,17956,17047
590,17956,15550,18656,16516
591,0,7260,1204,8279
592,0,8279,1204,9850
593,1204,7260,2746,8279
594,0,7260,1013,8387
595,0,8387,1013,9850
596,1013,7260,2746,8387
597,17110,11250,17383,12089
598,17110,12089,17383,12579
599,17383,11250,18201,12089
600,3785,4784,4597,5143
601,3785,5143,4597,6077
602,4597,4784,4906,5143
603,0,7260,1110,8859
604,0,8859,1110,9850
605,1110,7260,2746,8859
606,0,4784,2166,7249
607,0,7249,2166,9850
608,2166,4784,4906,7249
609,10991,14565,11335,15108
610,10991,15108,11335,15727
611,11335,14565,12364,15108
612,2142,4784,3468,6082
613,2142,6082,3468,7251
614,3468,4784,4906,6082
615,2351,5147,3656,6197
616,2351,6197,3656,7260
617,3656,5147,4805,6197
618,0,7251,1260,8913
619,0,8913,1260,9850
620,1260,7251,2142,8913
621,9674,9850,11949,12124
622,9674,12124,11949,14565
623,11949,9850,14546,12124
624,0,5147,1471,6502
625,0,6502,1471,7567
626,1471,5147,2277,6502
627,14546,9850,17078,12460
628,14546,12460,17078,14565
629,17078,9850,20000,12460
630,14546,9850,14897,10253
631,14546,10253,14897,11328
632,14897,9850,15735,10253
633,2118,5802,3050,6825
634,2118,6825,3050,7060
635,3050,5802,3319,6825
636,6177,0,7240,566
637,6177,566,7240,1154
638,7240,0,7618,566
639,1143,7567,1805,8254
640,1143,8254,1805,8723
641,1805,7567,2277,8254
642,7303,0,8179,1504
643,7303,1504,8179,2421
644,8179,0,9674,1504
645,0,3272,335,4155
646,0,4155,335,4784
647,335,3272,1040,4155
648,0,4784,894,6012
649,0,6012,894,7249
650,894,4784,2166,6012
651,0,3272,390,4214
652,0,4214,390,4784
653,390,3272,1040,4214
654,2216,0,3362,1425
655,2216,1425,3362,2323
656,3362,0,4805,1425
657,4906,2421,5773,3612
658,4906,3612,5773,4784
659,5773,2421,7303,3612
660,13319,14565,13625,15421
661,13319,15421,13625,15884
662,13625,14565,14546,15421
663,12897,9850,13353,10735
664,12897,10735,13353,10882
665,13353,9850,14546,10735
666,13319,14565,14286,14958
667,13319,14958,14286,15884
668,14286,14565,14546,14958
669,11971,14565,13610,15622
670,11971,15622,13610,16893
671,13610,14565,14546,15622
672,0,5147,480,6040
673,0,6040,480,6502
674,480,5147,1471,6040
675,14546,9850,15536,10675
676,14546,10675,15536,12183
677,15536,9850,16979,10675
678,0,0,1424,1039
679,0,1039,1424,2323
680,1424,0,2216,1039
681,9674,14565,10544,15506
682,9674,15506,10544,15727
683,10544,14565,10991,15506
684,11720,9850,12445,10513
685,11720,10513,12445,10882
686,12445,9850,12897,10513
687,1040,2071,1414,2619
688,1040,2619,1414,3272
689,1414,2071,2439,2619
690,13319,14565,13732,14995
691,13319,14995,13732,15884
692,13732,14565,14546,14995
693,0,2323,1172,3466
694,0,3466,1172,5147
695,1172,2323,2216,3466
696,17519,17047,18180,17434
697,17519,17434,18180,18149
698,18180,17047,18723,17434
699,4906,1208,5537,1564
700,4906,1564,5537,2421
701,5537,1208,6097,1564
702,3656,5147,4098,5624
703,3656,5624,4098,6197
704,4098,5147,4805,5624
705,2746,4784,3424,5272
706,2746,5272,3424,5830
707,3424,4784,3948,5272
708,9674,9850,10235,10191
709,9674,10191,10235,11068
710,10235,9850,10875,10191
711,13319,14565,13607,15091
712,13319,15091,13607,15884
713,13607,14565,14546,15091
714,0,2323,544,2831
715,0,2831,544,3466
716,544,2323,1172,2831
717,14546,9850,15567,11272
718,14546,11272,15567,12579
719,15567,9850,17110,11272
720,2351,5147,3196,5967
721,2351,5967,3196,7260
722,3196,5147,4805,5967
723,0,3466,433,4193
724,0,4193,433,5147
725,433,3466,1172,4193
726,5191,0,7075,2685
727,5191,2685,7075,5162
728,7075,0,9674,2685
729,16979,9850,18496,11098
730,16979,11098,18496,12183
731,18496,9850,20000,11098
732,0,8279,798,9092
733,0,9092,798,9850
734,798,8279,1204,9092
735,0,901,929,1570
736,0,1570,929,2323
737,929,901,1180,1570
738,9674,17285,10853,18720
739,9674,18720,10853,20000
740,10853,17285,12334,18720
741,2277,5147,3312,5373
742,2277,5373,3312,6373
743,3312,5147,3710,5373
744,15567,9850,16716,10198
745,15567,10198,16716,11272
746,16716,9850,17110,10198
747,0,4784,1008,5721
748,0,5721,1008,7251
749,1008,4784,2142,5721
750,14546,17623,14868,17885
751,14546,17885,14868,18876
752,14868,17623,15788,17885
753,0,7260,864,7525
754,0,7525,864,8387
755,864,7260,1013,7525
756,15712,9850,16594,10432
757,15712,10432,16594,11106
758,16594,9850,17110,10432
759,0,4784,344,5460
760,0,5460,344,6310
761,344,4784,1371,5460
762,9674,0,14900,5162
763,9674,5162,14900,9850
764,14900,0,20000,5162
765,4496,9850,7165,12078
766,4496,12078,7165,14549
767,7165,9850,9674,12078
768,2746,5830,3055,6795
769,2746,6795,3055,7260
770,3055,5830,3948,6795
771,3319,4784,3735,4907
772,3319,4907,3735,5802
773,3735,4784,4906,4907
774,14546,9850,15871,10926
775,14546,10926,15871,11934
776,15871,9850,17197,10926
777,0,2071,1048,3673
778,0,3673,1048,4784
779,1048,2071,2439,3673
780,14546,14565,15910,15959
781,14546,15959,15910,17047
782,15910,14565,17519,15959
783,0,5162,2434,7605
784,0,7605,2434,9850
785,2434,5162,5191,7605
786,0,3272,186,4104
787,0,4104,186,4784
788,186,3272,1040,4104
789,16979,9850,17884,10659
790,16979,10659,17884,11098
791,17884,9850,18496,10659
792,0,2071,691,2742
793,0,2742,691,3272
794,691,2071,1040,2742
795,2439,0,3493,983
796,2439,983,3493,2071
797,3493,0,4906,983
798,4519,9850,6817,12701
799,4519,12701,6817,14773
800,6817,9850,9674,12701
801,9674,14565,10216,15188
802,9674,15188,10216,15935
803,10216,14565,10940,15188
804,2278,0,2645,1299
805,2278,1299,2645,1818
806,2645,0,3764,1299
807,13490,14565,14208,15506
808,13490,15506,14208,15689
809,14208,14565,14546,15506
810,899,7251,1265,8343
811,899,8343,1265,8931
812,1265,7251,2142,8343
813,0,4784,1236,6371
814,0,6371,1236,7251
815,1236,4784,2142,6371
816,14546,9850,14920,10336
817,14546,10336,14920,11106
818,14920,9850,15712,10336
819,0,4784,734,6223
820,0,6223,734,7060
821,734,4784,2118,6223
822,2434,5162,4167,6403
823,2434,6403,4167,7605
824,4167,5162,5191,6403
825,14546,9850,16253,10680
826,14546,10680,16253,11934
827,16253,9850,17197,10680
828,18561,9850,19021,10829
829,18561,10829,19021,11240
830,19021,9850,20000,10829
831,2746,4784,3760,6188
832,2746,6188,3760,7260
833,3760,4784,4906,6188
834,14546,17047,15777,18337
835,14546,18337,15777,18876
836,15777,17047,16307,18337
837,15910,14565,16795,15271
838,15910,15271,16795,15959
839,16795,14565,17519,15271
840,9674,12124,10764,13234
841,9674,13234,10764,14565
842,10764,12124,11949,13234
843,0,2071,725,2659
844,0,2659,725,3673
845,725,2071,1048,2659
846,9674,17148,10725,17703
847,9674,17703,10725,18867
848,10725,17148,11156,17703
849,14546,9850,15938,11167
850,14546,11167,15938,12264
851,15938,9850,17496,11167
852,14546,12460,15647,13556
853,14546,13556,15647,14565
854,15647,12460,17078,13556
855,9674,5162,12612,7252
856,9674,7252,12612,9850
857,12612,5162,14900,7252
858,3785,4784,3996,5145
859,3785,5145,3996,6077
860,3996,4784,4906,5145
861,11919,15975,13032,16718
862,11919,16718,13032,17230
863,13032,15975,13499,16718
864,0,1039,797,1290
865,0,1290,797,2323
866,797,1039,1424,1290
867,9674,7252,11144,8462
868,9674,8462,11144,9850
869,11144,7252,12612,8462
870,0,4784,550,5694
871,0,5694,550,6310
872,550,4784,1371,5694
873,0,0,1101,855
874,0,855,1101,1131
875,1101,0,1497,855
876,4805,2216,5541,3864
877,4805,3864,5541,5147
878,5541,2216,7014,3864
879,0,5874,632,6661
880,0,6661,632,7161
881,632,5874,1178,6661
882,2277,6373,2960,6705
883,2277,6705,2960,7567
884,2960,6373,3710,6705
885,3362,0,3691,739
886,3362,739,3691,1425
887,3691,0,4805,739
888,2351,5147,3041,5940
889,2351,5940,3041,6197
890,3041,5147,3656,5940
891,2746,4784,3799,5974
892,2746,5974,3799,7260
893,3799,4784,4906,5974
894,734,4784,1688,5167
895,734,5167,1688,6223
896,1688,4784,2118,5167
897,11144,7252,11512,7866
898,11144,7866,11512,8462
899,11512,7252,12612,7866
900,0,4784,889,5398
901,0,5398,889,6371
902,889,4784,1236,5398
903,0,7260,218,8138
904,0,8138,218,8279
905,218,7260,1204,8138
906,10619,9850,10872,10601
907,10619,10601,10872,11094
908,10872,9850,11720,10601
909,17197,10773,17965,11486
910,17965,10773,18495,11486
911,678,4784,1721,5565
912,678,5565,1721,5962
913,1721,4784,2092,5565
914,1048,2071,2135,3065
915,1048,3065,2135,3673
916,2135,2071,2439,3065
917,12364,14565,12624,14786
918,12364,14786,12624,15689
919,12624,14565,13490,14786
920,0,7060,370,8240
921,0,8240,370,8836
922,370,7060,1251,8240
923,17078,9850,18381,11290
924,17078,11290,18381,12460
925,18381,9850,20000,11290
926,0,5147,920,6514
927,0,6514,920,7260
928,920,5147,2351,6514
929,4167,5162,4946,5550
930,4167,5550,4946,6403
931,4946,5162,5191,5550
932,14546,11106,14941,11483
933,14546,11483,14941,12579
934,14941,11106,15712,11483
935,5191,0,6400,1215
936,5191,1215,6400,2685
937,6400,0,7075,1215
938,11720,9850,13123,11137
939,11720,11137,13123,12402
940,13123,9850,14546,11137
941,11720,10882,11971,11846
942,11720,11846,11971,12402
943,11971,10882,12897,11846
944,2118,4784,2868,5495
945,2118,5495,2868,6077
946,2868,4784,3785,5495
947,15608,9850,16722,11038
948,15608,11038,16722,11526
949,16722,9850,17110,11038
950,7303,0,8236,1207
951,7303,1207,8236,2421
952,8236,0,9674,1207
953,0,5721,118,6586
954,0,6586,118,7251
955,118,5721,1008,6586
956,0,0,1614,1131
957,0,1131,1614,2696
958,1614,0,2676,1131
959,2351,5147,2612,5793
960,2351,5793,2612,6197
961,2612,5147,3656,5793
962,17519,18149,17737,18783
963,17519,18783,17737,20000
964,17737,18149,18723,18783
965,2278,0,3171,1712
966,2278,1712,3171,2868
967,3171,0,4805,1712
968,4805,2216,5689,3399
969,4805,3399,5689,5147
970,5689,2216,7014,3399
971,13170,14565,13506,15159
972,13170,15159,13506,15639
973,13506,14565,14546,15159
974,2278,1818,2837,2111
975,2278,2111,2837,2868
976,2837,1818,3764,2111
977,15735,9850,16543,10519
978,15735,10519,16543,11328
979,16543,9850,17110,10519
980,17046,9850,18689,10696
981,17046,10696,18689,12313
982,18689,9850,20000,10696
983,11720,9850,12092,10805
984,11720,10805,12092,11137
985,12092,9850,13123,10805
986,0,14773,2570,17684
987,0,17684,2570,20000
988,2570,14773,4519,17684
989,9674,15566,10117,16034
990,9674,16034,10117,17148
991,10117,15566,10692,16034
992,14546,9850,15031,10744
993,14546,10744,15031,11167
994,15031,9850,15938,10744
995,9674,14565,10679,16210
996,9674,16210,10679,17148
997,10679,14565,12364,16210
998,4805,0,5528,1169
999,4805,1169,5528,2216
1000,5528,0,7014,1169
1001,5191,0,5398,968
1002,5191,968,5398,1215
1003,5398,0,6400,968
1004,0,7260,522,7653
1005,0,7653,522,8387
1006,522,7260,1013,7653
1007,9674,14565,10272,15168
1008,9674,15168,10272,15935
1009,10272,14565,10940,15168
1010,15567,10198,16281,11122
1011,15567,11122,16281,11272
1012,16281,10198,16716,11122
1013,11971,14565,13627,15512
1014,11971,15512,13627,16893
1015,13627,14565,14546,15512
1016,14546,15959,14872,16828
1017,14546,16828,14872,17047
1018,14872,15959,15910,16828
1019,11720,11137,12169,11553
1020,11720,11553,12169,12402
1021,12169,11137,13123,11553
1022,2092,4784,3652,6307
1023,2092,6307,3652,7161
1024,3652,4784,4906,6307
1025,14546,9850,15963,11185
1026,14546,11185,15963,12579
1027,15963,9850,17110,11185
1028,7075,0,8295,988
1029,7075,988,8295,2685
1030,8295,0,9674,988
1031,2118,4784,3175,5056
1032,2118,5056,3175,6077
1033,3175,4784,3785,5056
1034,2277,6373,2650,7052
1035,2277,7052,2650,7567
1036,2650,6373,3710,7052
1037,12364,14565,13061,15894
1038,12364,15894,13061,17148
1039,13061,14565,14546,15894
1040,9674,12402,10796,13304
1041,9674,13304,10796,14565
1042,10796,12402,11720,13304
1043,14546,12460,15269,12751
1044,14546,12751,15269,13556
1045,15269,12460,15647,12751
1046,14546,9850,15828,11083
1047,14546,11083,15828,12264
1048,15828,9850,17496,11083
1049,790,4784,1816,5274
1050,790,5274,1816,6143
1051,1816,4784,2092,5274
1052,14546,11150,15231,12155
1053,14546,12155,15231,12579
1054,15231,11150,15924,12155
1055,2278,1818,2857,2518
1056,2278,2518,2857,2868
1057,2857,1818,3764,2518
1058,16307,17047,17179,18029
1059,16307,18029,17179,18876
1060,17179,17047,17519,18029
1061,9674,14565,11136,15540
1062,9674,15540,11136,17148
1063,11136,14565,12364,15540
1064,1013,7260,2158,7471
1065,1013,7471,2158,8387
1066,2158,7260,2746,7471
1067,2434,5162,3899,6228
1068,2434,6228,3899,7605
1069,3899,5162,5191,6228
1070,0,4784,227,5005
1071,0,5005,227,5874
1072,227,4784,1178,5005
1073,9674,16893,10813,18550
1074,9674,18550,10813,20000
1075,10813,16893,11971,18550
1076,0,7251,805,8104
1077,0,8104,805,8718
1078,805,7251,1230,8104
1079,0,2071,404,2705
1080,0,2705,404,3272
1081,404,2071,1040,2705
1082,2746,4784,3324,5198
1083,2746,5198,3324,5830
1084,3324,4784,3948,5198
1085,16307,17047,16957,18182
1086,16307,18182,16957,18876
1087,16957,17047,17519,18182
1088,9674,15935,10656,16611
1089,9674,16611,10656,17230
1090,10656,15935,10940,16611
1091,2277,5147,2903,6047
1092,2277,6047,2903,6373
1093,2903,5147,3710,6047
1094,0,7260,845,7669
1095,0,7669,845,8279
1096,845,7260,1204,7669
1097,9674,0,12505,2551
1098,9674,2551,12505,5162
1099,12505,0,14900,2551
1100,0,6231,557,6618
1101,0,6618,557,7260
1102,557,6231,1692,6618
1103,14546,11106,14983,11489
1104,14546,11489,14983,12579
1105,14983,11106,15712,11489
1106,5191,0,5627,302
1107,5191,302,5627,1215
1108,5627,0,6400,302
1109,2277,6373,3145,6631
1110,2277,6631,3145,7567
1111,3145,6373,3710,6631
1112,4906,0,5970,1014
1113,4906,1014,5970,2421
1114,5970,0,7303,1014
1115,0,4784,2450,7677
1116,0,7677,2450,9850
1117,2450,4784,4906,7677
1118,4906,1208,5273,1554
1119,4906,1554,5273,2421
1120,5273,1208,6097,1554
1121,9674,18720,9867,19243
1122,9674,19243,9867,20000
1123,9867,18720,10853,19243
1124,0,8723,829,9389
1125,0,9389,829,9850
1126,829,8723,1143,9389
1127,15712,9850,16320,10174
1128,15712,10174,16320,11106
1129,16320,9850,17110,10174
1130,0,7060,277,8282
1131,0,8282,277,8836
1132,277,7060,1251,8282
1133,2216,0,2872,1048
1134,2216,1048,2872,1310
1135,2872,0,3550,1048
1136,0,4784,438,5764
1137,0,5764,438,6060
1138,438,4784,1019,5764
1139,0,1039,760,1642
1140,0,1642,760,2323
1141,760,1039,1424,1642
1142,0,4784,857,5457
1143,0,5457,857,6371
1144,857,4784,1236,5457
1145,9674,14565,12018,17373
1146,9674,17373,12018,20000
1147,12018,14565,14546,17373
1148,6817,9850,7889,11467
1149,6817,11467,7889,12701
1150,7889,9850,9674,11467
1151,11971,14565,12541,15480
1152,11971,15480,12541,15622
1153,12541,14565,13610,15480
1154,9674,2551,10992,3597
1155,9674,3597,10992,5162
1156,10992,2551,12505,3597
1157,9674,14565,10000,15249
1158,9674,15249,10000,15935
1159,10000,14565,10940,15249
1160,1048,2071,1430,2923
1161,1048,2923,1430,3673
1162,1430,2071,2439,2923
1163,5191,1215,5920,2275
1164,5191,2275,5920,2685
1165,5920,1215,6400,2275
1166,14546,17047,14950,17664
1167,14546,17664,14950,18337
1168,14950,17047,15777,17664
1169,13319,14565,14255,15026
1170,13319,15026,14255,15884
1171,14255,14565,14546,15026
1172,2746,4784,3540,5051
1173,2746,5051,3540,5830
1174,3540,4784,3948,5051
1175,6817,9850,7234,10881
1176,6817,10881,7234,11467
1177,7234,9850,7889,10881
1178,1204,7260,1995,7627
1179,1204,7627,1995,8279
1180,1995,7260,2746,7627
1181,0,7161,799,8723
1182,0,8723,799,9850
1183,799,7161,2092,8723
1184,4496,9850,5565,11186
1185,4496,11186,5565,12078
1186,5565,9850,7165,11186
1187,0,7567,861,7745
1188,0,7745,861,8723
1189,861,7567,1143,7745
1190,2746,4784,3129,5662
1191,2746,5662,3129,5830
1192,3129,4784,3948,5662
1193,5528,0,6180,709
1194,5528,709,6180,1169
1195,6180,0,7014,709
1196,12018,14565,13343,16251
1197,12018,16251,13343,17373
1198,13343,14565,14546,16251
1199,0,1226,473,1961
1200,0,1961,473,2868
1201,473,1226,1030,1961
1202,11949,9850,12850,11342
1203,11949,11342,12850,12124
1204,12850,9850,14546,11342
1205,0,5874,836,6238
1206,0,6238,836,7161
1207,836,5874,1178,6238
1208,4519,12701,5628,13956
1209,4519,13956,5628,14773
1210,5628,12701,6817,13956
1211,4519,12701,6017,13378
1212,4519,13378,6017,14773
1213,6017,12701,6817,13378
1214,2746,6188,3090,6831
1215,2746,6831,3090,7260
1216,3090,6188,3760,6831
1217,14546,11934,14886,12694
1218,14546,12694,14886,13578
1219,14886,11934,15714,12694
1220,0,7251,943,7993
1221,0,7993,943,8913
1222,943,7251,1260,7993
1223,14546,11106,14966,11760
1224,14546,11760,14966,12579
1225,14966,11106,15712,11760
1226,0,0,4483,4688
1227,0,4688,4483,9850
1228,4483,0,9674,4688
1229,9674,12402,10575,13229
1230,9674,13229,10575,14565
1231,10575,12402,11720,13229
1232,2118,4784,2538,5666
1233,2118,5666,2538,5802
1234,2538,4784,3319,5666
1235,0,3466,603,4330
1236,0,4330,603,5147
1237,603,3466,1172,4330
1238,11720,10882,12675,11736
1239,11720,11736,12675,12402
1240,12675,10882,12897,11736
1241,9674,15935,10412,16214
1242,9674,16214,10412,17230
1243,10412,15935,10940,16214
1244,14546,11934,14889,12794
1245,14546,12794,14889,13578
1246,14889,11934,15714,12794
1247,0,1226,394,2250
1248,0,2250,394,2868
1249,394,1226,1030,2250
1250,14546,11328,14841,11683
1251,14546,11683,14841,12579
1252,14841,11328,15735,11683
1253,0,7060,740,7904
1254,0,7904,740,8836
1255,740,7060,1251,7904
1256,14546,9850,15451,11429
1257,14546,11429,15451,12460
1258,15451,9850,17078,11429
1259,9674,5162,11340,6278
1260,9674,6278,11340,7252
1261,11340,5162,12612,6278
1262,9674,16893,10394,17990
1263,9674,17990,10394,18550
1264,10394,16893,10813,17990
1265,9674,12402,10459,13135
1266,9674,13135,10459,14565
1267,10459,12402,11720,13135
1268,2216,1310,2814,1625
1269,2216,1625,2814,2323
1270,2814,1310,3550,1625
1271,10764,12124,11272,12338
1272,10764,12338,11272,13234
1273,11272,12124,11949,12338
1274,15828,9850,17043,10521
1275,15828,10521,17043,11083
1276,17043,9850,17496,10521
1277,3764,0,4608,1216
1278,3764,1216,4608,1818
1279,4608,0,4805,1216
1280,1019,4784,1510,5229
1281,1019,5229,1510,6060
1282,1510,4784,2142,5229
1283,14546,18876,15744,19393
1284,14546,19393,15744,20000
1285,15744,18876,16307,19393
1286,17110,11250,17965,11613
1287,17110,11613,17965,12579
1288,17965,11250,18201,11613
1289,14546,17047,15737,18565
1290,14546,18565,15737,20000
1291,15737,17047,17519,18565
1292,678,4784,1134,5220
1293,678,5220,1134,5962
1294,1134,4784,2092,5220
1295,0,1039,398,1300
1296,0,1300,398,2323
1297,398,1039,1424,1300
1298,7303,0,8526,1068
1299,7303,1068,8526,2421
1300,8526,0,9674,1068
1301,4519,12701,5786,13811
1302,4519,13811,5786,14773
1303,5786,12701,6817,13811
1304,14546,9850,15232,10537
1305,14546,10537,15232,11328
1306,15232,9850,15735,10537
1307,0,5147,474,5451
1308,0,5451,474,6522
1309,474,5147,1098,5451
1310,4906,0,5691,893
1311,4906,893,5691,1208
1312,5691,0,6097,893
1313,6817,11467,7722,12302
1314,6817,12302,7722,12701
1315,7722,11467,7889,12302
1316,9674,14565,10124,15641
1317,9674,15641,10124,15935
1318,10124,14565,10940,15641
1319,14546,11328,14754,11931
1320,14546,11931,14754,12579
1321,14754,11328,15735,11931
1322,14546,9850,14744,10697
1323,14546,10697,14744,11106
1324,14744,9850,15712,10697
1325,1614,0,1843,757
1326,1614,757,1843,1131
1327,1843,0,2676,757
1328,15871,9850,16455,10288
1329,15871,10288,16455,10926
1330,16455,9850,17197,10288
1331,0,2696,1243,3818
1332,0,3818,1243,5162
1333,1243,2696,2676,3818
1334,2676,0,4071,1488
1335,2676,1488,4071,2696
1336,4071,0,5191,1488
1337,14546,9850,14916,10544
1338,14546,10544,14916,11150
1339,14916,9850,15924,10544
1340,0,0,2600,2236
1341,0,2236,2600,4688
1342,2600,0,4483,2236
1343,12334,14565,13276,15703
1344,12334,15703,13276,17285
1345,13276,14565,14546,15703
1346,14546,9850,15176,10541
1347,14546,10541,15176,11328
1348,15176,9850,15735,10541
1349,9674,17285,10975,18634
1350,9674,18634,10975,20000
1351,10975,17285,12334,18634
1352,7075,988,7972,1770
1353,7075,1770,7972,2685
1354,7972,988,8295,1770
1355,0,0,2605,2026
1356,0,2026,2605,4688
1357,2605,0,4483,2026
1358,7075,988,7938,2210
1359,7075,2210,7938,2685
1360,7938,988,8295,2210
1361,0,7605,1409,9090
1362,0,9090,1409,9850
1363,1409,7605,2434,9090
1364,2092,4784,2865,5525
1365,2092,5525,2865,6307
1366,2865,4784,3652,5525
1367,14546,11328,14930,12140
1368,14546,12140,14930,12579
1369,14930,11328,15735,12140
1370,0,0,933,1748
1371,0,1748,933,2868
1372,933,0,2278,1748
1373,13499,14565,14058,15441
1374,13499,15441,14058,15975
1375,14058,14565,14546,15441
1376,3171,0,3667,473
1377,3171,473,3667,1712
1378,3667,0,4805,473
1379,0,8836,483,9474
1380,0,9474,483,9850
1381,483,8836,1251,9474
1382,17197,9850,18329,10747
1383,17197,10747,18329,11934
1384,18329,9850,20000,10747
1385,11919,14565,12711,15212
1386,11919,15212,12711,15975
1387,12711,14565,13499,15212
1388,0,5874,314,6671
1389,0,6671,314,7161
1390,314,5874,1178,6671
1391,11949,9850,13558,11283
1392,11949,11283,13558,12124
1393,13558,9850,14546,11283
1394,5565,9850,6191,10893
1395,5565,10893,6191,11186
1396,6191,9850,7165,10893
1397,3652,4784,4397,5424
1398,3652,5424,4397,6307
1399,4397,4784,4906,5424
1400,0,4784,1512,5706
1401,0,5706,1512,7260
1402,1512,4784,2746,5706
1403,15938,9850,16803,10376
1404,15938,10376,16803,11167
1405,16803,9850,17496,10376
1406,14546,17047,14761,18014
1407,14546,18014,14761,18337
1408,14761,17047,15777,18014
1409,894,4784,1710,5793
1410,894,5793,1710,6012
1411,1710,4784,2166,5793
1412,1409,7605,1777,8306
1413,1409,8306,1777,9090
1414,1777,7605,2434,8306
1415,10813,16893,11677,17862
1416,10813,17862,11677,18550
1417,11677,16893,11971,17862
1418,9674,16013,10064,17001
1419,9674,17001,10064,17285
1420,10064,16013,11224,17001
1421,14546,10680,15523,11614
1422,14546,11614,15523,11934
1423,15523,10680,16253,11614
1424,9674,15727,10639,16804
1425,9674,16804,10639,17148
1426,10639,15727,10991,16804
1427,0,7249,1040,8849
1428,0,8849,1040,9850
1429,1040,7249,2166,8849
1430,7618,0,8326,1166
1431,7618,1166,8326,2945
1432,8326,0,9674,1166
1433,11224,14565,11407,15560
1434,11224,15560,11407,16013
1435,11407,14565,12334,15560
1436,0,5162,2948,7162
1437,0,7162,2948,9850
1438,2948,5162,5191,7162
1439,14546,9850,16092,11361
1440,14546,11361,16092,12183
1441,16092,9850,16979,11361
1442,7303,0,7841,903
1443,7303,903,7841,1068
1444,7841,0,8526,903
1445,17519,17047,18244,17612
1446,17519,17612,18244,18149
1447,18244,17047,18723,17612
1448,0,4784,1007,5815
1449,0,5815,1007,6371
1450,1007,4784,1236,5815
1451,14546,17047,14996,17376
1452,14546,17376,14996,18228
1453,14996,17047,15810,17376
1454,17197,9850,18909,10953
1455,17197,10953,18909,11934
1456,18909,9850,20000,10953
1457,4483,0,7183,2284
1458,4483,2284,7183,4688
1459,7183,0,9674,2284
1460,920,5147,1501,6168
1461,920,6168,1501,6514
1462,1501,5147,2351,6168
1463,9674,14565,11169,15950
1464,9674,15950,11169,17230
1465,11169,14565,11919,15950
1466,0,5147,2747,7412
1467,0,7412,2747,9850
1468,2747,5147,4805,7412
1469,0,4784,309,5590
1470,0,5590,309,6371
1471,309,4784,1236,5590
1472,0,0,2377,2762
1473,0,2762,2377,4784
1474,2377,0,4906,2762
1475,15451,9850,15938,10739
1476,15451,10739,15938,11429
1477,15938,9850,17078,10739
1478,2605,0,3594,1116
1479,2605,1116,3594,2026
1480,3594,0,4483,1116
1481,0,2762,1356,3877
1482,0,3877,1356,4784
1483,1356,2762,2377,3877
1484,13170,14565,14034,14747
1485,13170,14747,14034,15639
1486,14034,14565,14546,14747
1487,2351,5147,3845,6143
1488,2351,6143,3845,7260
1489,3845,5147,4805,6143
1490,2746,6064,3037,6559
1491,2746,6559,3037,7260
1492,3037,6064,4069,6559
1493,0,5721,726,6226
1494,0,6226,726,7251
1495,726,5721,1008,6226
1496,14546,17047,15324,18058
1497,14546,18058,15324,18565
1498,15324,17047,15737,18058
1499,3468,4784,4482,5268
1500,3468,5268,4482,6082
1501,4482,4784,4906,5268
1502,14546,9850,15099,10143
1503,14546,10143,15099,11167
1504,15099,9850,15938,10143
1505,10975,17285,11784,17861
1506,10975,17861,11784,18634
1507,11784,17285,12334,17861
1508,0,4784,493,5330
1509,0,5330,493,6310
1510,493,4784,1371,5330
1511,16979,9850,17867,10737
1512,16979,10737,17867,11098
1513,17867,9850,18496,10737
1514,0,4784,2126,6957
1515,0,6957,2126,9850
1516,2126,4784,4906,6957
1517,8326,0,8978,461
1518,8326,461,8978,1166
1519,8978,0,9674,461
1520,12364,15689,12582,16481
1521,12364,16481,12582,17148
1522,12582,15689,13490,16481
1523,13328,14565,13632,15367
1524,13328,15367,13632,15803
1525,13632,14565,14546,15367
1526,14546,9850,16169,11229
1527,14546,11229,16169,12313
1528,16169,9850,17046,11229
1529,0,0,476,826
1530,0,826,476,1131
1531,476,0,1614,826
1532,14546,17623,14950,18316
1533,14546,18316,14950,18876
1534,14950,17623,15788,18316
1535,4496,9850,5041,10508
1536,4496,10508,5041,11186
1537,5041,9850,5565,10508
1538,18464,14565,19567,15427
1539,18464,15427,19567,15870
1540,19567,14565,20000,15427
1541,14546,14565,15177,15372
1542,14546,15372,15177,15959
1543,15177,14565,15910,15372
1544,9674,13304,10079,13727
1545,9674,13727,10079,14565
1546,10079,13304,10796,13727
1547,0,901,871,1911
1548,0,1911,871,2323
1549,871,901,1180,1911
1550,14546,9850,15350,10891
1551,14546,10891,15350,11361
1552,15350,9850,16092,10891
1553,7303,1068,7879,2138
1554,7303,2138,7879,2421
1555,7879,1068,8526,2138
1556,0,3673,175,4349
1557,0,4349,175,4784
1558,175,3673,1048,4349
1559,2118,4784,2578,5387
1560,2118,5387,2578,6110
1561,2578,4784,3443,5387
1562,14546,11934,15493,13242
1563,14546,13242,15493,14565
1564,15493,11934,17197,13242
1565,14546,11526,14933,12427
1566,14546,12427,14933,12579
1567,14933,11526,15608,12427
1568,9674,14565,11054,15564
1569,9674,15564,11054,16893
1570,11054,14565,11971,15564
1571,6177,0,7293,690
1572,6177,690,7293,1154
1573,7293,0,7618,690
1574,0,2071,499,2575
1575,0,2575,499,3673
1576,499,2071,1048,2575
1577,17046,9850,18534,11469
1578,17046,11469,18534,12313
1579,18534,9850,20000,11469
1580,4906,1208,5433,1544
1581,4906,1544,5433,2421
1582,5433,1208,6097,1544
1583,0,4784,336,5438
1584,0,5438,336,5815
1585,336,4784,1007,5438
1586,882,7251,1231,7436
1587,882,7436,1231,8379
1588,1231,7251,2142,7436
1589,2645,0,3074,934
1590,2645,934,3074,1299
1591,3074,0,3764,934
1592,17110,11250,17639,11596
1593,17110,11596,17639,12579
1594,17639,11250,18201,11596
1595,9674,8462,10492,8815
1596,9674,8815,10492,9850
1597,10492,8462,11144,8815
1598,2126,4784,3488,5827
1599,2126,5827,3488,6957
1600,3488,4784,4906,5827
1601,7165,9850,8528,10577
1602,7165,10577,8528,12078
1603,8528,9850,9674,10577
1604,8528,10577,9674,12078
