Number,x1,y1,x2,y2
0,0,0,9691,10389
1,0,10389,9691,20000
2,9691,0,20000,10389
3,9691,10389,14564,14796
4,9691,14796,14564,20000
5,14564,10389,20000,14796
6,14564,14796,16950,17446
7,14564,17446,16950,20000
8,16950,14796,20000,17446
9,16950,17446,18433,18340
10,16950,18340,18433,20000
11,18433,17446,20000,18340
12,18433,18340,19595,19149
13,18433,19149,19595,20000
14,19595,18340,20000,19149
15,14564,10389,17293,12298
16,14564,12298,17293,14796
17,17293,10389,20000,12298
18,14564,10389,15846,10974
19,14564,10974,15846,12298
20,15846,10389,17293,10974
21,14564,12298,16192,13361
22,14564,13361,16192,14796
23,16192,12298,17293,13361
24,16950,18340,18069,19530
25,16950,19530,18069,20000
26,18069,18340,18433,19530
27,9691,14796,12359,17574
28,9691,17574,12359,20000
29,12359,14796,14564,17574
30,0,10389,4732,15260
31,0,15260,4732,20000
32,4732,10389,9691,15260
33,17293,10389,18381,11409
34,17293,11409,18381,12298
35,18381,10389,20000,11409
36,9691,10389,11863,12982
37,9691,12982,11863,14796
38,11863,10389,14564,12982
39,17293,10389,18870,11234
40,17293,11234,18870,12298
41,18870,10389,20000,11234
42,14564,17446,16011,19071
43,14564,19071,16011,20000
44,16011,17446,16950,19071
45,17293,10389,17812,10534
46,17293,10534,17812,11409
47,17812,10389,18381,10534
48,9691,0,15006,4839
49,9691,4839,15006,10389
50,15006,0,20000,4839
51,9691,14796,12389,17200
52,9691,17200,12389,20000
53,12389,14796,14564,17200
54,17293,10389,17456,10787
55,17293,10787,17456,11409
56,17456,10389,18381,10787
57,14564,13361,15309,14333
58,14564,14333,15309,14796
59,15309,13361,16192,14333
60,18381,10389,19054,10579
61,18381,10579,19054,11409
62,19054,10389,20000,10579
63,4732,10389,7528,12949
64,4732,12949,7528,15260
65,7528,10389,9691,12949
66,9691,0,15190,5349
67,9691,5349,15190,10389
68,15190,0,20000,5349
69,16950,18340,18084,18798
70,16950,18798,18084,20000
71,18084,18340,18433,18798
72,0,10389,4947,15479
73,0,15479,4947,20000
74,4947,10389,9691,15479
75,15006,0,17506,2256
76,15006,2256,17506,4839
77,17506,0,20000,2256
78,15190,0,17760,2589
79,15190,2589,17760,5349
80,17760,0,20000,2589
81,9691,12982,10557,13938
82,9691,13938,10557,14796
83,10557,12982,11863,13938
84,9691,17574,11265,18662
85,9691,18662,11265,20000
86,11265,17574,12359,18662
87,14564,10974,14946,11962
88,14564,11962,14946,12298
89,14946,10974,15846,11962
90,14564,12298,15577,13244
91,14564,13244,15577,14796
92,15577,12298,17293,13244
93,9691,0,12534,2383
94,9691,2383,12534,4839
95,12534,0,15006,2383
96,15006,0,17643,2036
97,15006,2036,17643,4839
98,17643,0,20000,2036
99,15006,2256,16200,3370
100,15006,3370,16200,4839
101,16200,2256,17506,3370
102,9691,0,12611,2643
103,9691,2643,12611,5349
104,12611,0,15190,2643
105,15006,0,16132,1245
106,15006,1245,16132,2256
107,16132,0,17506,1245
108,15006,0,15722,292
109,15006,292,15722,1245
110,15722,0,16132,292
111,14564,10389,15980,11611
112,14564,11611,15980,12298
113,15980,10389,17293,11611
114,9691,0,12048,2616
115,9691,2616,12048,5349
116,12048,0,15190,2616
117,14564,10974,15372,11256
118,14564,11256,15372,12298
119,15372,10974,15846,11256
120,9691,14796,10805,16332
121,9691,16332,10805,17574
122,10805,14796,12359,16332
123,12359,14796,13602,16508
124,12359,16508,13602,17574
125,13602,14796,14564,16508
126,16132,0,16737,440
127,16132,440,16737,1245
128,16737,0,17506,440
129,15006,2256,16090,3684
130,15006,3684,16090,4839
131,16090,2256,17506,3684
132,12359,16508,12700,17201
133,12359,17201,12700,17574
134,12700,16508,13602,17201
135,9691,0,12540,2510
136,9691,2510,12540,5349
137,12540,0,15190,2510
138,16090,2256,16654,3248
139,16090,3248,16654,3684
140,16654,2256,17506,3248
141,0,15479,2816,17517
142,0,17517,2816,20000
143,2816,15479,4947,17517
144,9691,4839,12607,7348
145,9691,7348,12607,10389
146,12607,4839,15006,7348
147,7528,10389,8340,11711
148,7528,11711,8340,12949
149,8340,10389,9691,11711
150,9691,16332,10497,16933
151,9691,16933,10497,17574
152,10497,16332,10805,16933
153,15006,1245,15860,1578
154,15006,1578,15860,2256
155,15860,1245,16132,1578
156,16132,0,16452,282
157,16132,282,16452,1245
158,16452,0,17506,282
159,14564,10974,15211,11857
160,14564,11857,15211,12298
161,15211,10974,15846,11857
162,14564,10389,15997,10969
163,14564,10969,15997,12298
164,15997,10389,17293,10969
165,15006,2256,16591,3552
166,15006,3552,16591,4839
167,16591,2256,17506,3552
168,4732,10389,6236,11972
169,4732,11972,6236,12949
170,6236,10389,7528,11972
171,9691,0,11494,985
172,9691,985,11494,2643
173,11494,0,12611,985
174,7528,10389,8539,11576
175,7528,11576,8539,12949
176,8539,10389,9691,11576
177,0,10389,5192,15530
178,0,15530,5192,20000
179,5192,10389,9691,15530
180,17293,10389,18139,10661
181,17293,10661,18139,11409
182,18139,10389,18381,10661
183,15006,0,16436,1505
184,15006,1505,16436,2256
185,16436,0,17506,1505
186,15006,3552,15676,4082
187,15006,4082,15676,4839
188,15676,3552,16591,4082
189,15006,2256,16087,3157
190,15006,3157,16087,3552
191,16087,2256,16591,3157
192,9691,16332,10396,17103
193,9691,17103,10396,17574
194,10396,16332,10805,17103
195,9691,17574,10933,19091
196,9691,19091,10933,20000
197,10933,17574,12359,19091
198,4732,10389,6024,12048
199,4732,12048,6024,12949
200,6024,10389,7528,12048
201,11265,17574,11763,18055
202,11265,18055,11763,18662
203,11763,17574,12359,18055
204,14564,13361,15035,13743
205,14564,13743,15035,14796
206,15035,13361,16192,13743
207,0,10389,2319,13249
208,0,13249,2319,15479
209,2319,10389,4947,13249
210,16090,2256,16971,2712
211,16090,2712,16971,3684
212,16971,2256,17506,2712
213,9691,17574,10519,18593
214,9691,18593,10519,19091
215,10519,17574,10933,18593
216,15006,0,15363,445
217,15006,445,15363,1505
218,15363,0,16436,445
219,12359,16508,13074,17161
220,12359,17161,13074,17574
221,13074,16508,13602,17161
222,16200,2256,16547,3157
223,16200,3157,16547,3370
224,16547,2256,17506,3157
225,15006,2256,16041,2974
226,15006,2974,16041,3552
227,16041,2256,16591,2974
228,9691,16332,10016,17266
229,9691,17266,10016,17574
230,10016,16332,10805,17266
231,9691,2643,11126,3955
232,9691,3955,11126,5349
233,11126,2643,12611,3955
234,6024,10389,6482,11586
235,6024,11586,6482,12048
236,6482,10389,7528,11586
237,15006,0,15239,936
238,15006,936,15239,1245
239,15239,0,16132,936
240,15006,2256,15560,3246
241,15006,3246,15560,3684
242,15560,2256,16090,3246
243,10805,14796,11212,15792
244,10805,15792,11212,16332
245,11212,14796,12359,15792
246,2816,15479,3955,16832
247,2816,16832,3955,17517
248,3955,15479,4947,16832
249,16200,2256,17156,2534
250,16200,2534,17156,3370
251,17156,2256,17506,2534
252,9691,0,14753,5117
253,9691,5117,14753,10389
254,14753,0,20000,5117
255,12534,0,14002,1163
256,12534,1163,14002,2383
257,14002,0,15006,1163
258,9691,3955,10254,4358
259,9691,4358,10254,5349
260,10254,3955,11126,4358
261,9691,2616,11198,4148
262,9691,4148,11198,5349
263,11198,2616,12048,4148
264,12607,4839,13859,6323
265,12607,6323,13859,7348
266,13859,4839,15006,6323
267,0,17517,1582,18632
268,0,18632,1582,20000
269,1582,17517,2816,18632
270,9691,2643,11294,3991
271,9691,3991,11294,5349
272,11294,2643,12611,3991
273,9691,16332,10551,17240
274,9691,17240,10551,17574
275,10551,16332,10805,17240
276,12540,0,13922,982
277,12540,982,13922,2510
278,13922,0,15190,982
279,15006,3370,15466,3831
280,15006,3831,15466,4839
281,15466,3370,16200,3831
282,11294,2643,12118,2981
283,11294,2981,12118,3991
284,12118,2643,12611,2981
285,9691,10389,10842,11849
286,9691,11849,10842,12982
287,10842,10389,11863,11849
288,4732,10389,5764,11302
289,4732,11302,5764,11972
290,5764,10389,6236,11302
291,15006,2256,16247,3441
292,15006,3441,16247,4839
293,16247,2256,17506,3441
294,10842,10389,11204,10944
295,10842,10944,11204,11849
296,11204,10389,11863,10944
297,9691,7348,11161,9098
298,9691,9098,11161,10389
299,11161,7348,12607,9098
300,10805,14796,11285,15725
301,10805,15725,11285,16332
302,11285,14796,12359,15725
303,11294,2643,12230,3653
304,11294,3653,12230,3991
305,12230,2643,12611,3653
306,9691,2616,10726,3932
307,9691,3932,10726,5349
308,10726,2616,12048,3932
309,16132,0,16742,681
310,16132,681,16742,1245
311,16742,0,17506,681
312,13859,4839,14463,5350
313,13859,5350,14463,6323
314,14463,4839,15006,5350
315,16200,2256,16861,2714
316,16200,2714,16861,3370
317,16861,2256,17506,2714
318,9691,2643,10604,3281
319,9691,3281,10604,3991
320,10604,2643,11294,3281
321,16950,14796,18673,16353
322,16950,16353,18673,17446
323,18673,14796,20000,16353
324,12607,4839,13013,5508
325,12607,5508,13013,6323
326,13013,4839,13859,5508
327,16200,2256,16564,3126
328,16200,3126,16564,3370
329,16564,2256,17506,3126
330,15006,0,16434,1061
331,15006,1061,16434,2256
332,16434,0,17506,1061
333,2319,10389,4016,11606
334,2319,11606,4016,13249
335,4016,10389,4947,11606
336,9691,2616,10537,3564
337,9691,3564,10537,3932
338,10537,2616,10726,3564
339,12540,0,13966,932
340,12540,932,13966,2510
341,13966,0,15190,932
342,7528,10389,8678,11378
343,7528,11378,8678,12949
344,8678,10389,9691,11378
345,4732,10389,5733,10955
346,4732,10955,5733,12048
347,5733,10389,6024,10955
348,14564,12298,15528,13039
349,14564,13039,15528,13361
350,15528,12298,16192,13039
351,0,13249,1528,14035
352,0,14035,1528,15479
353,1528,13249,2319,14035
354,16950,18340,17846,19187
355,16950,19187,17846,20000
356,17846,18340,18433,19187
357,15006,2256,16632,3420
358,15006,3420,16632,4839
359,16632,2256,17506,3420
360,7528,10389,8211,11918
361,7528,11918,8211,12949
362,8211,10389,9691,11918
363,10933,17574,11255,18694
364,10933,18694,11255,19091
365,11255,17574,12359,18694
366,9691,2643,10884,3392
367,9691,3392,10884,3991
368,10884,2643,11294,3392
369,12534,1163,13108,2003
370,12534,2003,13108,2383
371,13108,1163,14002,2003
372,15006,3552,15676,3927
373,15006,3927,15676,4839
374,15676,3552,16591,3927
375,16950,18340,17303,19522
376,16950,19522,17303,20000
377,17303,18340,18433,19522
378,9691,7348,10385,7903
379,9691,7903,10385,9098
380,10385,7348,11161,7903
381,15190,2589,16470,4228
382,15190,4228,16470,5349
383,16470,2589,17760,4228
384,9691,10389,10411,11099
385,9691,11099,10411,11849
386,10411,10389,10842,11099
387,9691,5349,12425,7936
388,9691,7936,12425,10389
389,12425,5349,15190,7936
390,9691,10389,12369,12854
391,9691,12854,12369,14796
392,12369,10389,14564,12854
393,7528,11378,7742,12502
394,7528,12502,7742,12949
395,7742,11378,8678,12502
396,15006,2256,15704,3100
397,15006,3100,15704,3441
398,15704,2256,16247,3100
399,9691,14796,10684,15923
400,9691,15923,10684,17200
401,10684,14796,12389,15923
402,10805,14796,11961,15806
403,10805,15806,11961,16332
404,11961,14796,12359,15806
405,9691,17574,10194,17847
406,9691,17847,10194,18662
407,10194,17574,11265,17847
408,7528,11576,8390,11930
409,7528,11930,8390,12949
410,8390,11576,8539,11930
411,0,15260,2128,17399
412,0,17399,2128,20000
413,2128,15260,4732,17399
414,16132,0,17014,980
415,16132,980,17014,1245
416,17014,0,17506,980
417,17760,0,18986,1261
418,17760,1261,18986,2589
419,18986,0,20000,1261
420,15006,3441,16022,4172
421,15006,4172,16022,4839
422,16022,3441,16247,4172
423,14564,13244,15312,13677
424,14564,13677,15312,14796
425,15312,13244,15577,13677
426,14564,12298,15757,13066
427,14564,13066,15757,13361
428,15757,12298,16192,13066
429,7528,10389,8463,11851
430,7528,11851,8463,12949
431,8463,10389,9691,11851
432,2816,15479,4116,16115
433,2816,16115,4116,17517
434,4116,15479,4947,16115
435,17303,18340,18031,18730
436,17303,18730,18031,19522
437,18031,18340,18433,18730
438,9691,0,11430,1153
439,9691,1153,11430,2383
440,11430,0,12534,1153
441,9691,12982,11036,13538
442,9691,13538,11036,14796
443,11036,12982,11863,13538
444,9691,13538,10186,13901
445,9691,13901,10186,14796
446,10186,13538,11036,13901
447,0,10389,2234,12961
448,0,12961,2234,15479
449,2234,10389,4947,12961
450,11255,17574,11878,18352
451,11255,18352,11878,18694
452,11878,17574,12359,18352
453,15190,2589,16603,4023
454,15190,4023,16603,5349
455,16603,2589,17760,4023
456,17293,10389,18166,10889
457,17293,10889,18166,11409
458,18166,10389,18381,10889
459,16434,0,16894,850
460,16434,850,16894,1061
461,16894,0,17506,850
462,9691,9098,10051,9971
463,9691,9971,10051,10389
464,10051,9098,11161,9971
465,12369,10389,13523,11259
466,12369,11259,13523,12854
467,13523,10389,14564,11259
468,5192,10389,7235,12726
469,5192,12726,7235,15530
470,7235,10389,9691,12726
471,9691,2643,10442,3543
472,9691,3543,10442,3991
473,10442,2643,11294,3543
474,11126,2643,12169,3343
475,11126,3343,12169,3955
476,12169,2643,12611,3343
477,14564,10974,14828,11373
478,14564,11373,14828,12298
479,14828,10974,15846,11373
480,9691,0,11101,1697
481,9691,1697,11101,2616
482,11101,0,12048,1697
483,16436,0,16719,712
484,16436,712,16719,1505
485,16719,0,17506,712
486,4732,10389,5263,11451
487,4732,11451,5263,12048
488,5263,10389,6024,11451
489,9691,0,12553,2627
490,9691,2627,12553,5117
491,12553,0,14753,2627
492,9691,2643,10731,3659
493,9691,3659,10731,3955
494,10731,2643,11126,3659
495,2128,15260,3171,16467
496,2128,16467,3171,17399
497,3171,15260,4732,16467
498,9691,4148,10836,4773
499,9691,4773,10836,5349
500,10836,4148,11198,4773
501,0,17517,1083,18508
502,0,18508,1083,20000
503,1083,17517,2816,18508
504,17760,0,19252,1080
505,17760,1080,19252,2589
506,19252,0,20000,1080
507,15006,2256,15624,3212
508,15006,3212,15624,3552
509,15624,2256,16591,3212
510,9691,3991,10293,4930
511,9691,4930,10293,5349
512,10293,3991,11294,4930
513,0,15260,2253,17648
514,0,17648,2253,20000
515,2253,15260,4732,17648
516,9691,2616,10362,3491
517,9691,3491,10362,4148
518,10362,2616,11198,3491
519,0,15260,787,16670
520,0,16670,787,17399
521,787,15260,2128,16670
522,11161,7348,11591,8062
523,11161,8062,11591,9098
524,11591,7348,12607,8062
525,12425,5349,13631,6775
526,12425,6775,13631,7936
527,13631,5349,15190,6775
528,16200,2256,16490,3149
529,16200,3149,16490,3370
530,16490,2256,17506,3149
531,9691,5349,12767,7898
532,9691,7898,12767,10389
533,12767,5349,15190,7898
534,2319,11606,3214,12396
535,2319,12396,3214,13249
536,3214,11606,4016,12396
537,1582,17517,2464,18104
538,1582,18104,2464,18632
539,2464,17517,2816,18104
540,16950,18798,17554,19728
541,16950,19728,17554,20000
542,17554,18798,18084,19728
543,15006,1245,15676,1440
544,15006,1440,15676,2256
545,15676,1245,16132,1440
546,16192,12298,16434,12429
547,16192,12429,16434,13361
548,16434,12298,17293,12429
549,14564,10389,15532,11362
550,14564,11362,15532,11611
551,15532,10389,15980,11362
552,15006,2256,15691,2726
553,15006,2726,15691,3420
554,15691,2256,16632,2726
555,9691,17574,10851,17880
556,9691,17880,10851,18662
557,10851,17574,11265,17880
558,14002,0,14645,199
559,14002,199,14645,1163
560,14645,0,15006,199
561,2816,15479,3958,16592
562,2816,16592,3958,17517
563,3958,15479,4947,16592
564,9691,2627,11308,3538
565,9691,3538,11308,5117
566,11308,2627,12553,3538
567,16434,0,16976,255
568,16434,255,16976,1061
569,16976,0,17506,255
570,15006,0,16399,1526
571,15006,1526,16399,2256
572,16399,0,17506,1526
573,0,17517,1439,18974
574,0,18974,1439,20000
575,1439,17517,2816,18974
576,17760,1080,18529,2204
577,17760,2204,18529,2589
578,18529,1080,19252,2204
579,2128,15260,3364,16495
580,2128,16495,3364,17399
581,3364,15260,4732,16495
582,16950,14796,18868,16207
583,16950,16207,18868,17446
584,18868,14796,20000,16207
585,2253,15260,3450,16567
586,2253,16567,3450,17648
587,3450,15260,4732,16567
588,14753,0,17754,2826
589,14753,2826,17754,5117
590,17754,0,20000,2826
591,10805,14796,11669,15457
592,10805,15457,11669,15806
593,11669,14796,11961,15457
594,2319,11606,3397,12456
595,2319,12456,3397,13249
596,3397,11606,4016,12456
597,16950,18798,17820,19572
598,16950,19572,17820,20000
599,17820,18798,18084,19572
600,16247,2256,16691,3032
601,16247,3032,16691,3441
602,16691,2256,17506,3032
603,9691,2643,10759,3364
604,9691,3364,10759,3955
605,10759,2643,11126,3364
606,9691,7898,11460,9150
607,9691,9150,11460,10389
608,11460,7898,12767,9150
609,13859,4839,14093,5764
610,13859,5764,14093,6323
611,14093,4839,15006,5764
612,9691,0,11076,1489
613,9691,1489,11076,2616
614,11076,0,12048,1489
615,13631,5349,14196,6373
616,13631,6373,14196,6775
617,14196,5349,15190,6373
618,2128,15260,3746,15941
619,2128,15941,3746,17399
620,3746,15260,4732,15941
621,15006,0,17111,2406
622,15006,2406,17111,4839
623,17111,0,20000,2406
624,15006,2256,15982,2711
625,15006,2711,15982,3420
626,15982,2256,16632,2711
627,11294,2643,11855,3520
628,11294,3520,11855,3991
629,11855,2643,12611,3520
630,9691,0,12196,2416
631,9691,2416,12196,5117
632,12196,0,14753,2416
633,9691,14796,10067,15433
634,9691,15433,10067,16332
635,10067,14796,10805,15433
636,2128,15260,3684,16265
637,2128,16265,3684,17399
638,3684,15260,4732,16265
639,3364,15260,3676,16229
640,3364,16229,3676,16495
641,3676,15260,4732,16229
642,15006,2256,16161,3187
643,15006,3187,16161,3420
644,16161,2256,16632,3187
645,3684,15815,4406,16265
646,4406,15260,4732,15815
647,0,15260,757,16371
648,0,16371,757,17399
649,757,15260,2128,16371
650,12369,11259,12996,11879
651,12369,11879,12996,12854
652,12996,11259,13523,11879
653,9691,0,12359,2689
654,9691,2689,12359,5117
655,12359,0,14753,2689
656,15190,2589,16226,3168
657,15190,3168,16226,4023
658,16226,2589,16603,3168
659,2234,10389,3215,11521
660,2234,11521,3215,12961
661,3215,10389,4947,11521
662,17760,1261,18218,2165
663,17760,2165,18218,2589
664,18218,1261,18986,2165
665,15006,0,16384,1421
666,15006,1421,16384,2406
667,16384,0,17111,1421
668,16950,18798,17175,19307
669,16950,19307,17175,20000
670,17175,18798,18084,19307
671,2253,16567,2626,17041
672,2253,17041,2626,17648
673,2626,16567,3450,17041
674,15006,2256,15563,3090
675,15006,3090,15563,3684
676,15563,2256,16090,3090
677,2816,16115,3161,17013
678,2816,17013,3161,17517
679,3161,16115,4116,17013
680,9691,10389,10135,11032
681,9691,11032,10135,11849
682,10135,10389,10842,11032
683,9691,0,12191,2741
684,9691,2741,12191,5349
685,12191,0,15190,2741
686,2128,15260,3339,16039
687,2128,16039,3339,17399
688,3339,15260,4732,16039
689,8211,10389,9344,11440
690,8211,11440,9344,11918
691,9344,10389,9691,11440
692,2816,16115,3420,16618
693,2816,16618,3420,17517
694,3420,16115,4116,16618
695,12369,10389,13506,11275
696,12369,11275,13506,12854
697,13506,10389,14564,11275
698,12191,0,13792,1730
699,12191,1730,13792,2741
700,13792,0,15190,1730
701,0,0,5206,5251
702,0,5251,5206,10389
703,5206,0,9691,5251
704,18381,10389,18951,10655
705,18381,10655,18951,11409
706,18951,10389,20000,10655
707,9691,2627,10819,3746
708,9691,3746,10819,5117
709,10819,2627,12553,3746
710,12369,11259,13329,11822
711,12369,11822,13329,12854
712,13329,11259,13523,11822
713,16950,18798,17266,19191
714,16950,19191,17266,20000
715,17266,18798,18084,19191
716,12607,4839,13534,5954
717,12607,5954,13534,6323
718,13534,4839,13859,5954
719,0,18508,642,18882
720,0,18882,642,20000
721,642,18508,1083,18882
722,16950,14796,18809,15852
723,16950,15852,18809,17446
724,18809,14796,20000,15852
725,7528,11378,8302,12205
726,7528,12205,8302,12949
727,8302,11378,8678,12205
728,8340,10389,8724,10716
729,8340,10716,8724,11711
730,8724,10389,9691,10716
731,9691,3955,10324,4883
732,9691,4883,10324,5349
733,10324,3955,11126,4883
734,15006,3420,15959,4465
735,15006,4465,15959,4839
736,15959,3420,16632,4465
737,12767,5349,13578,6687
738,12767,6687,13578,7898
739,13578,5349,15190,6687
740,9691,0,11134,1042
741,9691,1042,11134,2383
742,11134,0,12534,1042
743,0,15530,2721,17599
744,0,17599,2721,20000
745,2721,15530,5192,17599
746,9691,985,10794,1599
747,9691,1599,10794,2643
748,10794,985,11494,1599
749,0,17517,1148,18415
750,0,18415,1148,20000
751,1148,17517,2816,18415
752,15006,2256,15351,2728
753,15006,2728,15351,3441
754,15351,2256,16247,2728
755,5206,0,7546,2514
756,5206,2514,7546,5251
757,7546,0,9691,2514
758,9691,3932,10062,4538
759,9691,4538,10062,5349
760,10062,3932,10726,4538
761,16132,0,16914,581
762,16132,581,16914,1245
763,16914,0,17506,581
764,2319,11606,2887,12118
765,2319,12118,2887,13249
766,2887,11606,4016,12118
767,2319,10389,3586,11694
768,2319,11694,3586,13249
769,3586,10389,4947,11694
770,16950,18340,17812,18913
771,16950,18913,17812,20000
772,17812,18340,18433,18913
773,3215,10389,4307,10830
774,3215,10830,4307,11521
775,4307,10389,4947,10830
776,14564,13361,15462,13746
777,14564,13746,15462,14796
778,15462,13361,16192,13746
779,12389,14796,13794,16047
780,12389,16047,13794,17200
781,13794,14796,14564,16047
782,787,15260,1744,16127
783,787,16127,1744,16670
784,1744,15260,2128,16127
785,0,10389,785,11739
786,0,11739,785,13249
787,785,10389,2319,11739
788,12607,4839,13261,5401
789,12607,5401,13261,6323
790,13261,4839,13859,5401
791,2253,15260,3320,16397
792,2253,16397,3320,17648
793,3320,15260,4732,16397
794,2128,15260,3681,16583
795,2128,16583,3681,17399
796,3681,15260,4732,16583
797,15980,10389,16910,10602
798,15980,10602,16910,11611
799,16910,10389,17293,10602
800,15006,0,17536,2582
801,15006,2582,17536,4839
802,17536,0,20000,2582
803,8340,10389,8823,11049
804,8340,11049,8823,11711
805,8823,10389,9691,11049
806,9691,0,10528,606
807,9691,606,10528,1489
808,10528,0,11076,606
809,18381,10389,19241,10876
810,18381,10876,19241,11409
811,19241,10389,20000,10876
812,0,18508,172,19137
813,0,19137,172,20000
814,172,18508,1083,19137
815,3215,10389,3920,10928
816,3215,10928,3920,11521
817,3920,10389,4947,10928
818,9691,4839,12071,7992
819,9691,7992,12071,10389
820,12071,4839,15006,7992
821,9691,985,10477,1811
822,9691,1811,10477,2643
823,10477,985,11494,1811
824,9691,12854,11320,13885
825,9691,13885,11320,14796
826,11320,12854,12369,13885
827,3171,15260,3974,15788
828,3171,15788,3974,16467
829,3974,15260,4732,15788
830,9691,0,10529,430
831,9691,430,10529,1042
832,10529,0,11134,430
833,9691,7898,11561,9470
834,9691,9470,11561,10389
835,11561,7898,12767,9470
836,9691,5349,11542,6939
837,9691,6939,11542,7898
838,11542,5349,12767,6939
839,11320,12854,12021,13753
840,11320,13753,12021,13885
841,12021,12854,12369,13753
842,11294,2643,11870,2984
843,11294,2984,11870,3991
844,11870,2643,12611,2984
845,0,17517,809,17691
846,0,17691,809,18632
847,809,17517,1582,17691
848,9691,7898,10879,8344
849,9691,8344,10879,9470
850,10879,7898,11561,8344
851,16399,0,16675,682
852,16399,682,16675,1526
853,16675,0,17506,682
854,17760,1080,18229,2072
855,17760,2072,18229,2589
856,18229,1080,19252,2072
857,9691,14796,11206,16013
858,9691,16013,11206,17200
859,11206,14796,12389,16013
860,15006,2406,16414,3613
861,15006,3613,16414,4839
862,16414,2406,17111,3613
863,17293,10389,18866,11325
864,17293,11325,18866,12298
865,18866,10389,20000,11325
866,9691,2741,10734,3661
867,9691,3661,10734,5349
868,10734,2741,12191,3661
869,17293,11234,18160,12127
870,17293,12127,18160,12298
871,18160,11234,18870,12127
872,9691,5117,12137,7784
873,9691,7784,12137,10389
874,12137,5117,14753,7784
875,9691,4839,11079,6423
876,9691,6423,11079,7348
877,11079,4839,12607,6423
878,12048,0,13766,1611
879,12048,1611,13766,2616
880,13766,0,15190,1611
881,0,15260,1046,16614
882,0,16614,1046,17648
883,1046,15260,2253,16614
884,15006,0,16228,1217
885,15006,1217,16228,2256
886,16228,0,17506,1217
887,2128,15260,3332,16381
888,2128,16381,3332,17399
889,3332,15260,4732,16381
890,15006,0,16334,1264
891,15006,1264,16334,2256
892,16334,0,17506,1264
893,4732,12949,5749,13954
894,4732,13954,5749,15260
895,5749,12949,7528,13954
896,7546,0,8852,984
897,7546,984,8852,2514
898,8852,0,9691,984
899,11134,0,12082,504
900,11134,504,12082,1042
901,12082,0,12534,504
902,4732,12949,6098,14321
903,4732,14321,6098,15260
904,6098,12949,7528,14321
905,0,15479,1111,16829
906,0,16829,1111,17517
907,1111,15479,2816,16829
908,11161,7348,11759,8603
909,11161,8603,11759,9098
910,11759,7348,12607,8603
911,12196,0,13384,957
912,12196,957,13384,2416
913,13384,0,14753,957
914,9691,17574,10868,19121
915,9691,19121,10868,20000
916,10868,17574,12359,19121
917,9691,17574,10331,18454
918,9691,18454,10331,19121
919,10331,17574,10868,18454
920,9691,9150,10838,10031
921,9691,10031,10838,10389
922,10838,9150,11460,10031
923,0,15479,2769,18107
924,0,18107,2769,20000
925,2769,15479,4947,18107
926,9691,7348,10136,8181
927,9691,8181,10136,9098
928,10136,7348,11161,8181
929,9691,0,11428,1189
930,9691,1189,11428,2627
931,11428,0,12553,1189
932,2128,15260,3577,16040
933,2128,16040,3577,17399
934,3577,15260,4732,16040
935,16334,0,17163,359
936,16334,359,17163,1264
937,17163,0,17506,359
938,17536,0,18787,1516
939,17536,1516,18787,2582
940,18787,0,20000,1516
941,16950,16207,17961,16514
942,16950,16514,17961,17446
943,17961,16207,18868,16514
944,9691,10389,10070,11022
945,9691,11022,10070,11849
946,10070,10389,10842,11022
947,2128,15260,2370,15989
948,2128,15989,2370,16495
949,2370,15260,3364,15989
950,9691,2689,10644,4111
951,9691,4111,10644,5117
952,10644,2689,12359,4111
953,9691,17574,10129,18716
954,9691,18716,10129,19121
955,10129,17574,10868,18716
956,12048,1611,13069,2037
957,12048,2037,13069,2616
958,13069,1611,13766,2037
959,0,18632,404,19342
960,0,19342,404,20000
961,404,18632,1582,19342
962,12607,4839,13286,5797
963,12607,5797,13286,6323
964,13286,4839,13859,5797
965,9691,2627,9900,3141
966,9691,3141,9900,3746
967,9900,2627,10819,3141
968,15006,1217,15572,1929
969,15006,1929,15572,2256
970,15572,1217,16228,1929
971,2319,10389,2777,10806
972,2319,10806,2777,11606
973,2777,10389,4016,10806
974,9691,13538,10003,13890
975,9691,13890,10003,14796
976,10003,13538,11036,13890
977,16334,0,17146,564
978,16334,564,17146,1264
979,17146,0,17506,564
980,15006,0,15437,299
981,15006,299,15437,1245
982,15437,0,16132,299
983,17536,0,18830,1688
984,17536,1688,18830,2582
985,18830,0,20000,1688
986,2253,15260,2546,15846
987,2253,15846,2546,16397
988,2546,15260,3320,15846
989,17536,0,18319,433
990,17536,433,18319,1516
991,18319,0,18787,433
992,9691,4839,10614,5717
993,9691,5717,10614,6423
994,10614,4839,11079,5717
995,12359,16508,13181,16702
996,12359,16702,13181,17574
997,13181,16508,13602,16702
998,14564,14796,16092,15763
999,14564,15763,16092,17446
1000,16092,14796,16950,15763
1001,11428,0,11914,590
1002,11428,590,11914,1189
1003,11914,0,12553,590
1004,16950,14796,18131,15237
1005,16950,15237,18131,16353
1006,18131,14796,18673,15237
1007,9691,0,10512,1139
1008,9691,1139,10512,1697
1009,10512,0,11101,1139
1010,9691,3661,10581,4509
1011,9691,4509,10581,5349
1012,10581,3661,10734,4509
1013,9691,3955,10250,5044
1014,9691,5044,10250,5349
1015,10250,3955,11126,5044
1016,0,17399,797,18449
1017,0,18449,797,20000
1018,797,17399,2128,18449
1019,14753,2826,16490,3893
1020,14753,3893,16490,5117
1021,16490,2826,17754,3893
1022,2128,15941,2598,17057
1023,2128,17057,2598,17399
1024,2598,15941,3746,17057
1025,3215,10389,3847,11116
1026,3215,11116,3847,11521
1027,3847,10389,4947,11116
1028,12425,5349,13493,6797
1029,12425,6797,13493,7936
1030,13493,5349,15190,6797
1031,9691,2510,10900,4037
1032,9691,4037,10900,5349
1033,10900,2510,12540,4037
1034,14564,12298,15419,12518
1035,14564,12518,15419,13361
1036,15419,12298,16192,12518
1037,2816,15479,3731,16274
1038,2816,16274,3731,16592
1039,3731,15479,3958,16274
1040,7528,10389,8203,10814
1041,7528,10814,8203,11576
1042,8203,10389,8539,10814
1043,14753,2826,16435,4062
1044,14753,4062,16435,5117
1045,16435,2826,17754,4062
1046,18830,0,19392,1065
1047,18830,1065,19392,1688
1048,19392,0,20000,1065
1049,16950,15237,17921,16048
1050,16950,16048,17921,16353
1051,17921,15237,18131,16048
1052,2234,10389,3428,11417
1053,2234,11417,3428,12961
1054,3428,10389,4947,11417
1055,16950,14796,18696,16348
1056,16950,16348,18696,17446
1057,18696,14796,20000,16348
1058,17303,18340,17760,18573
1059,17303,18573,17760,19522
1060,17760,18340,18433,18573
1061,9691,0,10306,212
1062,9691,212,10306,1189
1063,10306,0,11428,212
1064,14564,10389,16101,11663
1065,14564,11663,16101,12298
1066,16101,10389,17293,11663
1067,11430,0,11894,466
1068,11430,466,11894,1153
1069,11894,0,12534,466
1070,787,15260,1533,16177
1071,787,16177,1533,16670
1072,1533,15260,2128,16177
1073,2128,16039,3048,17058
1074,2128,17058,3048,17399
1075,3048,16039,3339,17058
1076,16132,0,17072,953
1077,16132,953,17072,1245
1078,17072,0,17506,953
1079,15006,0,16095,849
1080,15006,849,16095,1505
1081,16095,0,16436,849
1082,9691,12982,10736,14049
1083,9691,14049,10736,14796
1084,10736,12982,11863,14049
1085,0,18974,854,19145
1086,0,19145,854,20000
1087,854,18974,1439,19145
1088,12540,0,13667,1293
1089,12540,1293,13667,2510
1090,13667,0,15190,1293
1091,9691,2643,11540,3974
1092,9691,3974,11540,5349
1093,11540,2643,12611,3974
1094,15006,2256,15719,2656
1095,15006,2656,15719,3441
1096,15719,2256,16247,2656
1097,9691,0,10947,536
1098,9691,536,10947,1153
1099,10947,0,11430,536
1100,14564,10974,15204,11660
1101,14564,11660,15204,12298
1102,15204,10974,15846,11660
1103,11079,4839,11703,5859
1104,11079,5859,11703,6423
1105,11703,4839,12607,5859
1106,9691,1189,10193,1896
1107,9691,1896,10193,2627
1108,10193,1189,11428,1896
1109,9691,2643,10989,3902
1110,9691,3902,10989,5349
1111,10989,2643,12611,3902
1112,9691,0,10349,941
1113,9691,941,10349,1189
1114,10349,0,11428,941
1115,11255,17574,12066,18525
1116,11255,18525,12066,18694
1117,12066,17574,12359,18525
1118,9691,2416,10739,4013
1119,9691,4013,10739,5117
1120,10739,2416,12196,4013
1121,9691,5117,11207,6174
1122,9691,6174,11207,7784
1123,11207,5117,12137,6174
1124,9691,2643,11333,4006
1125,9691,4006,11333,5349
1126,11333,2643,12611,4006
1127,9691,5349,11096,6575
1128,9691,6575,11096,7898
1129,11096,5349,12767,6575
1130,15980,10389,16988,11015
1131,15980,11015,16988,11611
1132,16988,10389,17293,11015
1133,8539,10389,9048,11145
1134,8539,11145,9048,11576
1135,9048,10389,9691,11145
1136,2234,10389,2546,11152
1137,2234,11152,2546,11417
1138,2546,10389,3428,11152
1139,17760,1261,18443,1964
1140,17760,1964,18443,2589
1141,18443,1261,18986,1964
1142,9691,4839,12053,7880
1143,9691,7880,12053,10389
1144,12053,4839,15006,7880
1145,3364,15260,3753,16246
1146,3364,16246,3753,16495
1147,3753,15260,4732,16246
1148,7235,10389,8257,11741
1149,7235,11741,8257,12726
1150,8257,10389,9691,11741
1151,9691,0,10980,1220
1152,9691,1220,10980,2510
1153,10980,0,12540,1220
1154,9691,5117,10810,6833
1155,9691,6833,10810,7784
1156,10810,5117,12137,6833
1157,15006,0,16398,1536
1158,15006,1536,16398,2406
1159,16398,0,17111,1536
1160,0,15260,1384,16218
1161,0,16218,1384,17648
1162,1384,15260,2253,16218
1163,4732,12949,6033,14289
1164,4732,14289,6033,15260
1165,6033,12949,7528,14289
1166,12607,4839,13402,5403
1167,12607,5403,13402,6323
1168,13402,4839,13859,5403
1169,9691,14796,11870,17334
1170,9691,17334,11870,20000
1171,11870,14796,14564,17334
1172,16334,0,16682,923
1173,16334,923,16682,1264
1174,16682,0,17506,923
1175,16950,15237,17587,15851
1176,16950,15851,17587,16353
1177,17587,15237,18131,15851
1178,9691,3661,10463,4745
1179,9691,4745,10463,5349
1180,10463,3661,10734,4745
1181,2769,15479,3889,16725
1182,2769,16725,3889,18107
1183,3889,15479,4947,16725
1184,0,18415,289,18957
1185,0,18957,289,20000
1186,289,18415,1148,18957
1187,15006,0,15895,1406
1188,15006,1406,15895,2406
1189,15895,0,17111,1406
1190,9691,10389,10520,11545
1191,9691,11545,10520,12982
1192,10520,10389,11863,11545
1193,11161,7348,12281,8149
1194,11161,8149,12281,9098
1195,12281,7348,12607,8149
1196,17506,0,18399,1483
1197,17506,1483,18399,2256
1198,18399,0,20000,1483
1199,16950,16348,18198,16529
1200,16950,16529,18198,17446
1201,18198,16348,18696,16529
1202,14564,13361,15542,14085
1203,14564,14085,15542,14796
1204,15542,13361,16192,14085
1205,12359,16508,13379,16931
1206,12359,16931,13379,17574
1207,13379,16508,13602,16931
1208,15980,10389,16509,10720
1209,15980,10720,16509,11611
1210,16509,10389,17293,10720
1211,9691,8344,10569,9144
1212,9691,9144,10569,9470
1213,10569,8344,10879,9144
1214,2769,15479,3806,16728
1215,2769,16728,3806,18107
1216,3806,15479,4947,16728
1217,0,10389,917,11686
1218,0,11686,917,13249
1219,917,10389,2319,11686
1220,2319,11694,2916,12293
1221,2319,12293,2916,13249
1222,2916,11694,3586,12293
1223,15190,0,17834,2480
1224,15190,2480,17834,5349
1225,17834,0,20000,2480
1226,9691,7898,10235,8425
1227,9691,8425,10235,9470
1228,10235,7898,11561,8425
1229,17303,18340,17806,18868
1230,17303,18868,17806,19522
1231,17806,18340,18433,18868
1232,9691,1220,10586,1586
1233,9691,1586,10586,2510
1234,10586,1220,10980,1586
1235,15006,0,16005,992
1236,15006,992,16005,2036
1237,16005,0,17643,992
1238,9691,4839,10669,6055
1239,9691,6055,10669,7992
1240,10669,4839,12071,6055
1241,0,17648,1295,18788
1242,0,18788,1295,20000
1243,1295,17648,2253,18788
1244,0,15479,2777,17503
1245,0,17503,2777,20000
1246,2777,15479,4947,17503
1247,12359,14796,13147,15465
1248,12359,15465,13147,16508
1249,13147,14796,13602,15465
1250,9691,0,11142,1456
1251,9691,1456,11142,2510
1252,11142,0,12540,1456
1253,12389,14796,13389,15803
1254,12389,15803,13389,16047
1255,13389,14796,13794,15803
1256,11255,17574,11981,18147
1257,11255,18147,11981,18694
1258,11981,17574,12359,18147
1259,12425,5349,13804,6618
1260,12425,6618,13804,7936
1261,13804,5349,15190,6618
1262,12191,1730,12605,2075
1263,12191,2075,12605,2741
1264,12605,1730,13792,2075
1265,2128,15260,3170,15806
1266,2128,15806,3170,16583
1267,3170,15260,3681,15806
1268,10980,0,11824,527
1269,10980,527,11824,1220
1270,11824,0,12540,527
1271,15190,4023,16180,4909
1272,15190,4909,16180,5349
1273,16180,4023,16603,4909
1274,16950,14796,18189,15485
1275,16950,15485,18189,16348
1276,18189,14796,18696,15485
1277,14564,14796,16073,16084
1278,14564,16084,16073,17446
1279,16073,14796,16950,16084
1280,9691,2510,10305,3465
1281,9691,3465,10305,4037
1282,10305,2510,10900,3465
1283,9691,10389,12247,12286
1284,9691,12286,12247,14796
1285,12247,10389,14564,12286
1286,9691,3538,10693,3993
1287,9691,3993,10693,5117
1288,10693,3538,11308,3993
1289,0,15479,1109,16412
1290,0,16412,1109,17517
1291,1109,15479,2816,16412
1292,16950,15852,17887,16681
1293,16950,16681,17887,17446
1294,17887,15852,18809,16681
1295,12425,5349,12991,6226
1296,12425,6226,12991,6775
1297,12991,5349,13631,6226
1298,9691,0,10869,1015
1299,9691,1015,10869,2416
1300,10869,0,12196,1015
1301,2816,15479,3517,16498
1302,2816,16498,3517,16832
1303,3517,15479,3955,16498
1304,9691,12982,10730,14162
1305,9691,14162,10730,14796
1306,10730,12982,11863,14162
1307,9691,7898,11067,9049
1308,9691,9049,11067,10389
1309,11067,7898,12767,9049
1310,12359,0,13837,1385
1311,12359,1385,13837,2689
1312,13837,0,14753,1385
1313,9691,5349,10929,6967
1314,9691,6967,10929,7898
1315,10929,5349,12767,6967
1316,14564,10974,15175,11426
1317,14564,11426,15175,12298
1318,15175,10974,15846,11426
1319,917,10389,1425,10829
1320,917,10829,1425,11686
1321,1425,10389,2319,10829
1322,9691,0,10224,822
1323,9691,822,10224,1015
1324,10224,0,10869,822
1325,17293,10389,18669,11513
1326,17293,11513,18669,12298
1327,18669,10389,20000,11513
1328,15190,2589,15723,3493
1329,15190,3493,15723,4023
1330,15723,2589,16603,3493
1331,0,10389,4870,15164
1332,0,15164,4870,20000
1333,4870,10389,9691,15164
1334,2128,16040,2690,16941
1335,2128,16941,2690,17399
1336,2690,16040,3577,16941
1337,0,17648,1323,18799
1338,0,18799,1323,20000
1339,1323,17648,2253,18799
1340,18381,10389,19517,11038
1341,18381,11038,19517,11409
1342,19517,10389,20000,11038
1343,0,18415,560,18983
1344,0,18983,560,20000
1345,560,18415,1148,18983
1346,11206,14796,11771,15254
1347,11206,15254,11771,16013
1348,11771,14796,12389,15254
1349,1111,15479,1851,16231
1350,1111,16231,1851,16829
1351,1851,15479,2816,16231
1352,9691,3902,10601,4974
1353,9691,4974,10601,5349
1354,10601,3902,10989,4974
1355,1046,15260,1547,15929
1356,1046,15929,1547,16614
1357,1547,15260,2253,15929
1358,0,17648,1292,18438
1359,0,18438,1292,20000
1360,1292,17648,2253,18438
1361,0,13249,1056,14483
1362,0,14483,1056,15479
1363,1056,13249,2319,14483
1364,15006,3613,15614,3927
1365,15006,3927,15614,4839
1366,15614,3613,16414,3927
1367,16228,0,16553,574
1368,16228,574,16553,1217
1369,16553,0,17506,574
1370,9691,2616,9811,2963
1371,9691,2963,9811,3932
1372,9811,2616,10726,2963
1373,9691,17574,10745,19084
1374,9691,19084,10745,20000
1375,10745,17574,12359,19084
1376,16435,2826,17489,3268
1377,16435,3268,17489,4062
1378,17489,2826,17754,3268
1379,4732,13954,5533,15002
1380,4732,15002,5533,15260
1381,5533,13954,5749,15002
1382,9691,5349,11500,6379
1383,9691,6379,11500,7898
1384,11500,5349,12767,6379
1385,11096,5349,12161,6270
1386,11096,6270,12161,6575
1387,12161,5349,12767,6270
1388,2253,15260,2874,16171
1389,2253,16171,2874,16567
1390,2874,15260,3450,16171
1391,10810,5117,11692,5590
1392,10810,5590,11692,6833
1393,11692,5117,12137,5590
1394,0,0,3000,2261
1395,0,2261,3000,5251
1396,3000,0,5206,2261
1397,15190,2589,15527,3144
1398,15190,3144,15527,4023
1399,15527,2589,16603,3144
1400,0,16614,219,17237
1401,0,17237,219,17648
1402,219,16614,1046,17237
1403,11255,17574,11985,18331
1404,11255,18331,11985,18694
1405,11985,17574,12359,18331
1406,11067,7898,11733,8128
1407,11067,8128,11733,9049
1408,11733,7898,12767,8128
1409,9691,4839,11316,5766
1410,9691,5766,11316,7348
1411,11316,4839,12607,5766
1412,9691,3974,10707,4884
1413,9691,4884,10707,5349
1414,10707,3974,11540,4884
1415,4732,10389,5573,10928
1416,4732,10928,5573,11972
1417,5573,10389,6236,10928
1418,9691,3991,10482,4930
1419,9691,4930,10482,5349
1420,10482,3991,11294,4930
1421,17754,0,19237,1389
1422,17754,1389,19237,2826
1423,19237,0,20000,1389
1424,10684,14796,11290,15093
1425,10684,15093,11290,15923
1426,11290,14796,12389,15093
1427,12137,5117,13744,6274
1428,12137,6274,13744,7784
1429,13744,5117,14753,6274
1430,9691,8344,10143,8683
1431,9691,8683,10143,9470
1432,10143,8344,10879,8683
1433,0,18107,1194,18690
1434,0,18690,1194,20000
1435,1194,18107,2769,18690
1436,0,16614,617,17162
1437,617,16614,1046,17162
1438,9691,12982,9949,13608
1439,9691,13608,9949,14049
1440,9949,12982,10736,13608
1441,3889,15479,4641,16080
1442,3889,16080,4641,16725
1443,4641,15479,4947,16080
1444,9691,0,14551,5293
1445,9691,5293,14551,10389
1446,14551,0,20000,5293
1447,0,17648,1052,18881
1448,0,18881,1052,20000
1449,1052,17648,2253,18881
1450,16399,0,17088,712
1451,16399,712,17088,1526
1452,17088,0,17506,712
1453,2234,11417,2665,11956
1454,2234,11956,2665,12961
1455,2665,11417,3428,11956
1456,9691,0,10114,243
1457,9691,243,10114,1220
1458,10114,0,10980,243
1459,15006,0,15806,820
1460,15006,820,15806,1217
1461,15806,0,16228,820
1462,16950,15852,18131,16336
1463,16950,16336,18131,17446
1464,18131,15852,18809,16336
1465,787,15260,1590,16026
1466,787,16026,1590,16670
1467,1590,15260,2128,16026
1468,9691,3932,10163,4760
1469,9691,4760,10163,5349
1470,10163,3932,10726,4760
1471,9691,10389,11136,11806
1472,9691,11806,11136,12982
1473,11136,10389,11863,11806
1474,18399,0,19013,865
1475,18399,865,19013,1483
1476,19013,0,20000,865
1477,12425,6775,13217,7178
1478,12425,7178,13217,7936
1479,13217,6775,13631,7178
1480,11079,4839,11948,5619
1481,11079,5619,11948,6423
1482,11948,4839,12607,5619
1483,0,10389,5093,15071
1484,0,15071,5093,20000
1485,5093,10389,9691,15071
1486,10669,4839,11441,5229
1487,10669,5229,11441,6055
1488,11441,4839,12071,5229
1489,16950,14796,17610,15606
1490,16950,15606,17610,15852
1491,17610,14796,18809,15606
1492,0,0,1589,1292
1493,0,1292,1589,2261
1494,1589,0,3000,1292
1495,12425,5349,13478,6999
1496,12425,6999,13478,7936
1497,13478,5349,15190,6999
1498,3364,15260,4243,15612
1499,3364,15612,4243,16495
1500,4243,15260,4732,15612
1501,8211,10389,8740,10656
1502,8211,10656,8740,11440
1503,8740,10389,9344,10656
1504,9691,12982,10490,13890
1505,9691,13890,10490,14796
1506,10490,12982,11863,13890
1507,16132,0,17139,859
1508,16132,859,17139,1245
1509,17139,0,17506,859
1510,12534,0,12991,805
1511,12534,805,12991,1163
1512,12991,0,14002,805
1513,11142,0,11941,922
1514,11142,922,11941,1456
1515,11941,0,12540,922
1516,7528,10389,7831,11160
1517,7528,11160,7831,11576
1518,7831,10389,8539,11160
1519,9691,3538,10731,4348
1520,9691,4348,10731,5117
1521,10731,3538,11308,4348
1522,9691,3955,10604,4367
1523,9691,4367,10604,5349
1524,10604,3955,11126,4367
1525,10669,4839,11640,5607
1526,10669,5607,11640,6055
1527,11640,4839,12071,5607
1528,12534,0,13685,806
1529,12534,806,13685,2383
1530,13685,0,15006,806
1531,2253,15260,2764,15608
1532,2253,15608,2764,16567
1533,2764,15260,3450,15608
1534,787,15260,1828,15663
1535,787,15663,1828,16670
1536,1828,15260,2128,15663
1537,0,10389,2089,12551
1538,0,12551,2089,15164
1539,2089,10389,4870,12551
1540,0,18415,301,19388
1541,0,19388,301,20000
1542,301,18415,1148,19388
1543,15006,3420,16093,4087
1544,15006,4087,16093,4839
1545,16093,3420,16632,4087
1546,0,17648,741,18988
1547,0,18988,741,20000
1548,741,17648,2253,18988
1549,0,15260,2424,17792
1550,0,17792,2424,20000
1551,2424,15260,4732,17792
1552,17760,0,18881,749
1553,17760,749,18881,1080
1554,18881,0,19252,749
1555,2089,10389,3203,11471
1556,2089,11471,3203,12551
1557,3203,10389,4870,11471
1558,2319,10389,2787,11100
1559,2319,11100,2787,11694
1560,2787,10389,3586,11100
1561,9691,7880,11123,8930
1562,9691,8930,11123,10389
1563,11123,7880,12053,8930
1564,16090,2256,16491,2945
1565,16090,2945,16491,3684
1566,16491,2256,17506,2945
1567,3215,10389,3716,10909
1568,3215,10909,3716,11521
1569,3716,10389,4947,10909
1570,12540,1293,12825,2118
1571,12540,2118,12825,2510
1572,12825,1293,13667,2118
1573,11126,2643,11594,3296
1574,11126,3296,11594,3955
1575,11594,2643,12611,3296
1576,9691,0,10884,1299
1577,9691,1299,10884,2627
1578,10884,0,12553,1299
1579,15006,0,15265,656
1580,15006,656,15265,1217
1581,15265,0,16228,656
1582,9691,12854,10557,13292
1583,9691,13292,10557,13885
1584,10557,12854,11320,13292
1585,9691,11849,10018,12634
1586,9691,12634,10018,12982
1587,10018,11849,10842,12634
1588,12534,0,13837,973
1589,12534,973,13837,2383
1590,13837,0,15006,973
1591,9691,7898,10191,8658
1592,9691,8658,10191,9150
1593,10191,7898,11460,8658
1594,9691,14796,11136,15656
1595,9691,15656,11136,17200
1596,11136,14796,12389,15656
1597,3215,10389,4293,11284
1598,3215,11284,4293,11521
1599,4293,10389,4947,11284
1600,15895,0,16766,388
1601,15895,388,16766,1406
1602,16766,0,17111,388
1603,10900,2510,11987,3615
1604,10900,3615,11987,4037
1605,11987,2510,12540,3615
1606,15190,2589,16034,3144
1607,15190,3144,16034,4023
1608,16034,2589,16603,3144
1609,12553,0,14032,1112
1610,12553,1112,14032,2627
1611,14032,0,14753,1112
1612,0,15479,1385,16540
1613,0,16540,1385,17517
1614,1385,15479,2816,16540
1615,12534,1163,13210,1446
1616,12534,1446,13210,2383
1617,13210,1163,14002,1446
1618,4732,10955,5329,11285
1619,4732,11285,5329,12048
1620,5329,10955,5733,11285
1621,12425,6618,12981,6928
1622,12425,6928,12981,7936
1623,12981,6618,13804,6928
1624,0,10389,2124,12918
1625,0,12918,2124,15479
1626,2124,10389,4947,12918
1627,14564,15763,15581,16693
1628,14564,16693,15581,17446
1629,15581,15763,16092,16693
1630,14753,2826,16507,3751
1631,14753,3751,16507,5117
1632,16507,2826,17754,3751
1633,11265,17574,11938,18068
1634,11265,18068,11938,18662
1635,11938,17574,12359,18068
1636,0,18107,1296,18760
1637,0,18760,1296,20000
1638,1296,18107,2769,18760
1639,17760,0,18436,482
1640,17760,482,18436,1080
1641,18436,0,19252,482
1642,2253,15260,3632,16490
1643,2253,16490,3632,17648
1644,3632,15260,4732,16490
1645,0,10389,2438,12998
1646,0,12998,2438,15530
1647,2438,10389,5192,12998
1648,17760,1080,18237,2035
1649,17760,2035,18237,2589
1650,18237,1080,19252,2035
1651,9691,5766,10693,6815
1652,9691,6815,10693,7348
1653,10693,5766,11316,6815
1654,12607,4839,13383,5693
1655,12607,5693,13383,6323
1656,13383,4839,13859,5693
1657,5206,0,7581,2622
1658,5206,2622,7581,5251
1659,7581,0,9691,2622
1660,12425,5349,12682,6083
1661,12425,6083,12682,6797
1662,12682,5349,13493,6083
1663,9691,0,10016,719
1664,9691,719,10016,1456
1665,10016,0,11142,719
1666,15006,1217,15968,1568
1667,15006,1568,15968,2256
1668,15968,1217,16228,1568
1669,9691,1015,10479,1764
1670,9691,1764,10479,2416
1671,10479,1015,10869,1764
1672,797,17399,1630,18174
1673,797,18174,1630,18449
1674,1630,17399,2128,18174
1675,8211,10389,9282,11294
1676,8211,11294,9282,11918
1677,9282,10389,9691,11294
1678,0,17792,1243,19169
1679,0,19169,1243,20000
1680,1243,17792,2424,19169
1681,10739,2416,11790,3506
1682,10739,3506,11790,4013
1683,11790,2416,12196,3506
1684,9691,3538,10142,4554
1685,9691,4554,10142,5117
1686,10142,3538,11308,4554
1687,12369,11275,12935,12098
1688,12369,12098,12935,12854
1689,12935,11275,13506,12098
1690,0,17792,977,18110
1691,0,18110,977,19169
1692,977,17792,1243,18110
1693,17754,0,19098,1044
1694,17754,1044,19098,2826
1695,19098,0,20000,1044
1696,15006,2406,16386,4012
1697,15006,4012,16386,4839
1698,16386,2406,17111,4012
1699,0,17517,654,17908
1700,0,17908,654,18632
1701,654,17517,1582,17908
1702,11161,7348,12137,8192
1703,11161,8192,12137,9098
1704,12137,7348,12607,8192
1705,12553,1112,13546,1976
1706,12553,1976,13546,2627
1707,13546,1112,14032,1976
1708,0,10389,2777,12761
1709,0,12761,2777,15071
1710,2777,10389,5093,12761
1711,16950,15852,17891,16735
1712,16950,16735,17891,17446
1713,17891,15852,18809,16735
1714,17754,1044,18651,1892
1715,17754,1892,18651,2826
1716,18651,1044,19098,1892
1717,7528,11378,8399,11818
1718,7528,11818,8399,12949
1719,8399,11378,8678,11818
1720,17760,0,18438,855
1721,17760,855,18438,1080
1722,18438,0,19252,855
1723,11255,17574,12113,17875
1724,11255,17875,12113,18694
1725,12113,17574,12359,17875
1726,9691,0,10599,454
1727,9691,454,10599,1015
1728,10599,0,10869,454
1729,0,17648,653,17905
1730,0,17905,653,18788
1731,653,17648,1295,17905
1732,17506,0,18658,1377
1733,17506,1377,18658,2256
1734,18658,0,20000,1377
1735,2253,16490,2911,17117
1736,2253,17117,2911,17648
1737,2911,16490,3632,17117
1738,9691,17574,9848,18227
1739,9691,18227,9848,19084
1740,9848,17574,10745,18227
1741,1046,15260,1411,16048
1742,1046,16048,1411,16614
1743,1411,15260,2253,16048
1744,6098,12949,7116,13986
1745,6098,13986,7116,14321
1746,7116,12949,7528,13986
1747,9691,3932,10303,4992
1748,9691,4992,10303,5349
1749,10303,3932,10726,4992
1750,9691,0,10570,343
1751,9691,343,10570,1220
1752,10570,0,10980,343
1753,16603,2589,17501,3077
1754,16603,3077,17501,4023
1755,17501,2589,17760,3077
1756,9691,2643,10303,3673
1757,9691,3673,10303,3955
1758,10303,2643,11126,3673
1759,15006,1245,15463,1709
1760,15006,1709,15463,2256
1761,15463,1245,16132,1709
1762,15006,0,15762,822
1763,15006,822,15762,1217
1764,15762,0,16228,822
1765,12607,6323,13357,7151
1766,12607,7151,13357,7348
1767,13357,6323,13859,7151
1768,4732,12949,5496,13274
1769,4732,13274,5496,14321
1770,5496,12949,6098,13274
1771,0,16412,596,16918
1772,0,16918,596,17517
1773,596,16412,1109,16918
1774,0,15530,2355,17958
1775,0,17958,2355,20000
1776,2355,15530,5192,17958
1777,12359,16508,13023,17188
1778,12359,17188,13023,17574
1779,13023,16508,13602,17188
1780,2355,15530,4148,16952
1781,2355,16952,4148,17958
1782,4148,15530,5192,16952
1783,15980,10389,16933,10956
1784,15980,10956,16933,11611
1785,16933,10389,17293,10956
1786,0,18881,157,19604
1787,0,19604,157,20000
1788,157,18881,1052,19604
1789,9691,5117,10172,5305
1790,9691,5305,10172,6174
1791,10172,5117,11207,5305
1792,0,17517,1145,18880
1793,0,18880,1145,20000
1794,1145,17517,2816,18880
1795,9691,3932,10394,4384
1796,9691,4384,10394,5349
1797,10394,3932,10726,4384
1798,4732,12949,5315,13500
1799,4732,13500,5315,14321
1800,5315,12949,6098,13500
1801,14564,15763,15213,16436
1802,14564,16436,15213,17446
1803,15213,15763,16092,16436
1804,15006,2406,15923,3434
1805,15006,3434,15923,4012
1806,15923,2406,16386,3434
1807,9691,0,12706,2619
1808,9691,2619,12706,5349
1809,12706,0,15190,2619
1810,7528,10389,8788,11719
1811,7528,11719,8788,12949
1812,8788,10389,9691,11719
1813,2769,15479,3533,16872
1814,2769,16872,3533,18107
1815,3533,15479,4947,16872
1816,5192,10389,7548,12785
1817,5192,12785,7548,15530
1818,7548,10389,9691,12785
1819,9691,7348,10209,8225
1820,9691,8225,10209,9098
1821,10209,7348,11161,8225
1822,9691,5349,11066,6404
1823,9691,6404,11066,7898
1824,11066,5349,12767,6404
1825,9691,1042,10529,2070
1826,9691,2070,10529,2383
1827,10529,1042,11134,2070
1828,2769,15479,3723,15933
1829,2769,15933,3723,16725
1830,3723,15479,3889,15933
1831,4870,10389,7562,12751
1832,4870,12751,7562,15164
1833,7562,10389,9691,12751
1834,17111,0,18277,1160
1835,17111,1160,18277,2406
1836,18277,0,20000,1160
1837,12359,14796,13120,16584
1838,12359,16584,13120,17574
1839,13120,14796,14564,16584
1840,9691,1299,10338,2171
1841,9691,2171,10338,2627
1842,10338,1299,10884,2171
1843,16434,0,16609,367
1844,16434,367,16609,1061
1845,16609,0,17506,367
1846,14002,0,14109,349
1847,14002,349,14109,1163
1848,14109,0,15006,349
1849,6236,10389,7179,11576
1850,6236,11576,7179,11972
1851,7179,10389,7528,11576
1852,15190,2480,16183,4067
1853,15190,4067,16183,5349
1854,16183,2480,17834,4067
1855,0,12961,849,14561
1856,0,14561,849,15479
1857,849,12961,2234,14561
1858,9691,14796,10587,16254
1859,9691,16254,10587,17334
1860,10587,14796,11870,16254
1861,13493,5349,14620,6406
1862,13493,6406,14620,6797
1863,14620,5349,15190,6406
1864,0,15530,1229,17066
1865,0,17066,1229,17958
1866,1229,15530,2355,17066
1867,9691,0,11223,1235
1868,9691,1235,11223,2741
1869,11223,0,12191,1235
1870,0,15164,2055,17969
1871,0,17969,2055,20000
1872,2055,15164,4870,17969
1873,0,15479,2202,17492
1874,0,17492,2202,20000
1875,2202,15479,4947,17492
1876,9691,5349,10085,6017
1877,9691,6017,10085,6575
1878,10085,5349,11096,6017
1879,3681,15260,4355,15908
1880,3681,15908,4355,16583
1881,4355,15260,4732,15908
1882,4947,10389,7160,12594
1883,4947,12594,7160,15479
1884,7160,10389,9691,12594
1885,0,14035,480,15118
1886,0,15118,480,15479
1887,480,14035,1528,15118
1888,2234,10389,3748,11968
1889,2234,11968,3748,12961
1890,3748,10389,4947,11968
1891,9691,2416,11190,4051
1892,9691,4051,11190,5117
1893,11190,2416,12196,4051
1894,4732,10389,5131,11394
1895,4732,11394,5131,11972
1896,5131,10389,6236,11394
1897,3332,15260,4187,15732
1898,3332,15732,4187,16381
1899,4187,15260,4732,15732
1900,9691,6575,10141,7132
1901,9691,7132,10141,7898
1902,10141,6575,11096,7132
1903,17293,11234,17737,11898
1904,17293,11898,17737,12298
1905,17737,11234,18870,11898
1906,9691,5349,10498,5638
1907,9691,5638,10498,6379
1908,10498,5349,11500,5638
1909,9691,2416,10176,3227
1910,9691,3227,10176,4013
1911,10176,2416,10739,3227
1912,9691,9049,10070,9797
1913,9691,9797,10070,10389
1914,10070,9049,11067,9797
1915,2202,15479,3422,16301
1916,2202,16301,3422,17492
1917,3422,15479,4947,16301
1918,12191,0,13569,1048
1919,12191,1048,13569,2741
1920,13569,0,15190,1048
1921,0,10389,1153,11980
1922,0,11980,1153,12998
1923,1153,10389,2438,11980
1924,9691,13538,10600,14212
1925,9691,14212,10600,14796
1926,10600,13538,11036,14212
1927,10810,5117,11610,6136
1928,10810,6136,11610,6833
1929,11610,5117,12137,6136
1930,16950,14796,17720,15398
1931,16950,15398,17720,16207
1932,17720,14796,18868,15398
1933,7235,10389,8525,11581
1934,7235,11581,8525,12726
1935,8525,10389,9691,11581
1936,9691,17574,11383,18417
1937,9691,18417,11383,20000
1938,11383,17574,12359,18417
1939,10869,0,11594,833
1940,10869,833,11594,1015
1941,11594,0,12196,833
1942,0,15260,2608,17680
1943,0,17680,2608,20000
1944,2608,15260,4732,17680
1945,16950,14796,18250,15780
1946,16950,15780,18250,17446
1947,18250,14796,20000,15780
1948,1046,15260,1613,15577
1949,1046,15577,1613,16614
1950,1613,15260,2253,15577
1951,12425,5349,12626,6163
1952,12425,6163,12626,6999
1953,12626,5349,13478,6163
1954,9691,12982,10001,13773
1955,9691,13773,10001,14049
1956,10001,12982,10736,13773
1957,17536,1516,17832,1756
1958,17536,1756,17832,2582
1959,17832,1516,18787,1756
1960,0,15479,1142,16589
1961,0,16589,1142,18107
1962,1142,15479,2769,16589
1963,17760,0,18688,1389
1964,17760,1389,18688,2589
1965,18688,0,20000,1389
1966,11561,7898,12313,8400
1967,11561,8400,12313,9470
1968,12313,7898,12767,8400
1969,0,15260,1326,16670
1970,0,16670,1326,17399
1971,1326,15260,2128,16670
1972,9691,1153,10302,1812
1973,9691,1812,10302,2383
1974,10302,1153,11430,1812
1975,17111,0,18939,1066
1976,17111,1066,18939,2406
1977,18939,0,20000,1066
1978,18381,10389,19408,10917
1979,18381,10917,19408,11409
1980,19408,10389,20000,10917
1981,11265,17574,11712,17841
1982,11265,17841,11712,18662
1983,11712,17574,12359,17841
1984,13478,5349,14019,5851
1985,13478,5851,14019,6999
1986,14019,5349,15190,5851
1987,2234,10389,2620,10722
1988,2234,10722,2620,11417
1989,2620,10389,3428,10722
1990,15190,0,16238,1400
1991,15190,1400,16238,2589
1992,16238,0,17760,1400
1993,12359,1385,13198,2262
1994,12359,2262,13198,2689
1995,13198,1385,13837,2262
1996,16950,14796,18463,15751
1997,16950,15751,18463,17446
1998,18463,14796,20000,15751
1999,10736,12982,11424,13897
2000,10736,13897,11424,14049
2001,11424,12982,11863,13897
2002,12196,957,12480,1969
2003,12196,1969,12480,2416
2004,12480,957,13384,1969
2005,0,18107,1122,19170
2006,0,19170,1122,20000
2007,1122,18107,2769,19170
2008,11863,10389,12868,11499
2009,11863,11499,12868,12982
2010,12868,10389,14564,11499
2011,14564,10969,14922,11294
2012,14564,11294,14922,12298
2013,14922,10969,15997,11294
2014,15980,10389,16743,11293
2015,15980,11293,16743,11611
2016,16743,10389,17293,11293
2017,2128,15941,3088,16976
2018,2128,16976,3088,17399
2019,3088,15941,3746,16976
2020,4732,12949,5745,13995
2021,4732,13995,5745,14289
2022,5745,12949,6033,13995
2023,0,17599,1510,18733
2024,0,18733,1510,20000
2025,1510,17599,2721,18733
2026,0,10389,2536,12496
2027,0,12496,2536,15260
2028,2536,10389,4732,12496
2029,8525,10389,8958,10592
2030,8525,10592,8958,11581
2031,8958,10389,9691,10592
2032,4732,10389,6505,11333
2033,4732,11333,6505,12949
2034,6505,10389,7528,11333
2035,12553,0,13150,804
2036,12553,804,13150,1112
2037,13150,0,14032,804
2038,11540,2643,11689,3263
2039,11540,3263,11689,3974
2040,11689,2643,12611,3263
2041,10980,0,11751,680
2042,10980,680,11751,1220
2043,11751,0,12540,680
2044,9691,12854,10722,13672
2045,9691,13672,10722,14796
2046,10722,12854,12369,13672
2047,9691,2616,9963,3357
2048,9691,3357,9963,3932
2049,9963,2616,10726,3357
2050,9691,1299,9978,1585
2051,9691,1585,9978,2627
2052,9978,1299,10884,1585
2053,9691,2627,10783,3928
2054,9691,3928,10783,5117
2055,10783,2627,12553,3928
2056,18381,10389,18869,11291
2057,18381,11291,18869,11409
2058,18869,10389,20000,11291
2059,9691,3746,9908,4763
2060,9691,4763,9908,5117
2061,9908,3746,10819,4763
2062,15006,2582,16162,3535
2063,15006,3535,16162,4839
2064,16162,2582,17536,3535
2065,6024,10389,7155,11221
2066,6024,11221,7155,12048
2067,7155,10389,7528,11221
2068,11190,2416,11302,3375
2069,11190,3375,11302,4051
2070,11302,2416,12196,3375
2071,15190,0,16709,1432
2072,15190,1432,16709,2480
2073,16709,0,17834,1432
2074,18809,14796,19283,15179
2075,18809,15179,19283,15852
2076,19283,14796,20000,15179
2077,9691,1456,10620,2050
2078,9691,2050,10620,2510
2079,10620,1456,11142,2050
2080,11460,7898,11791,8508
2081,11460,8508,11791,9150
2082,11791,7898,12767,8508
2083,12425,6797,13346,7090
2084,12425,7090,13346,7936
2085,13346,6797,13493,7090
2086,12247,10389,13235,11656
2087,12247,11656,13235,12286
2088,13235,10389,14564,11656
2089,9691,17574,9966,18022
2090,9691,18022,9966,19121
2091,9966,17574,10868,18022
2092,9691,6379,10244,6869
2093,9691,6869,10244,7898
2094,10244,6379,11500,6869
2095,12191,0,13899,1483
2096,12191,1483,13899,2741
2097,13899,0,15190,1483
2098,16132,0,17147,613
2099,16132,613,17147,1245
2100,17147,0,17506,613
2101,1111,15479,2180,16241
2102,1111,16241,2180,16829
2103,2180,15479,2816,16241
2104,9691,0,10439,998
2105,9691,998,10439,1456
2106,10439,0,11142,998
2107,1589,0,2383,367
2108,1589,367,2383,1292
2109,2383,0,3000,367
2110,2816,15479,3357,16294
2111,2816,16294,3357,16832
2112,3357,15479,3955,16294
2113,17293,11234,18324,11458
2114,17293,11458,18324,12298
2115,18324,11234,18870,11458
2116,1439,17517,1916,18377
2117,1439,18377,1916,18974
2118,1916,17517,2816,18377
2119,15006,1245,15315,2063
2120,15006,2063,15315,2256
2121,15315,1245,16132,2063
2122,9691,5766,9931,6022
2123,9691,6022,9931,6815
2124,9931,5766,10693,6022
2125,3632,15260,4366,16244
2126,3632,16244,4366,16490
2127,4366,15260,4732,16244
2128,0,10389,2647,12805
2129,0,12805,2647,15479
2130,2647,10389,4947,12805
2131,0,18690,759,19182
2132,0,19182,759,20000
2133,759,18690,1194,19182
2134,12389,14796,13551,15973
2135,12389,15973,13551,17200
2136,13551,14796,14564,15973
2137,17754,1044,18766,2098
2138,17754,2098,18766,2826
2139,18766,1044,19098,2098
2140,9691,8344,10404,8663
2141,9691,8663,10404,9470
2142,10404,8344,10879,8663
2143,1145,17517,2151,18346
2144,1145,18346,2151,18880
2145,2151,17517,2816,18346
2146,10783,2627,11809,3367
2147,10783,3367,11809,3928
2148,11809,2627,12553,3367
2149,12191,1483,12774,2026
2150,12191,2026,12774,2741
2151,12774,1483,13899,2026
2152,12389,14796,12638,15344
2153,12389,15344,12638,15973
2154,12638,14796,13551,15344
2155,4732,10389,5671,11037
2156,4732,11037,5671,11972
2157,5671,10389,6236,11037
2158,16950,16348,18049,16554
2159,16950,16554,18049,17446
2160,18049,16348,18696,16554
2161,12534,806,12845,1325
2162,12534,1325,12845,2383
2163,12845,806,13685,1325
2164,8211,10389,9282,10830
2165,8211,10830,9282,11918
2166,9282,10389,9691,10830
2167,4732,12949,5677,13590
2168,4732,13590,5677,14289
2169,5677,12949,6033,13590
2170,2124,10389,3165,11805
2171,2124,11805,3165,12918
2172,3165,10389,4947,11805
2173,14564,17446,15556,18632
2174,14564,18632,15556,20000
2175,15556,17446,16950,18632
2176,3684,15260,3973,16068
2177,3684,16068,3973,16265
2178,3973,15260,4732,16068
2179,5192,10389,7764,13341
2180,5192,13341,7764,15530
2181,7764,10389,9691,13341
2182,15006,3370,15216,4012
2183,15006,4012,15216,4839
2184,15216,3370,16200,4012
2185,0,0,1864,767
2186,0,767,1864,2261
2187,1864,0,3000,767
2188,15190,0,16697,1404
2189,15190,1404,16697,2480
2190,16697,0,17834,1404
2191,5192,10389,7823,12566
2192,5192,12566,7823,15530
2193,7823,10389,9691,12566
2194,11190,2416,11734,3554
2195,11190,3554,11734,4051
2196,11734,2416,12196,3554
2197,9691,0,10390,1126
2198,9691,1126,10390,1456
2199,10390,0,11142,1126
2200,4732,13954,5608,14630
2201,4732,14630,5608,15260
2202,5608,13954,5749,14630
2203,9691,1235,10554,2263
2204,9691,2263,10554,2741
2205,10554,1235,11223,2263
2206,14564,12298,15252,13110
2207,14564,13110,15252,13361
2208,15252,12298,16192,13110
2209,9691,7880,10669,9005
2210,9691,9005,10669,10389
2211,10669,7880,12053,9005
2212,0,18760,502,19318
2213,0,19318,502,20000
2214,502,18760,1296,19318
2215,12048,1611,12892,1747
2216,12048,1747,12892,2616
2217,12892,1611,13766,1747
2218,14564,14796,15523,16205
2219,14564,16205,15523,17446
2220,15523,14796,16950,16205
2221,9691,2616,10902,4123
2222,9691,4123,10902,5349
2223,10902,2616,12048,4123
2224,0,17503,1367,18638
2225,0,18638,1367,20000
2226,1367,17503,2777,18638
2227,15006,0,15433,316
2228,15006,316,15433,1264
2229,15433,0,16334,316
2230,2355,15530,3384,16079
2231,2355,16079,3384,16952
2232,3384,15530,4148,16079
2233,2769,15479,3070,16355
2234,2769,16355,3070,16725
2235,3070,15479,3889,16355
2236,6024,10389,6984,11559
2237,6024,11559,6984,12048
2238,6984,10389,7528,11559
2239,2128,16265,3282,16954
2240,2128,16954,3282,17399
2241,3282,16265,3684,16954
2242,3000,0,4045,924
2243,3000,924,4045,2261
2244,4045,0,5206,924
2245,0,12998,916,14508
2246,0,14508,916,15530
2247,916,12998,2438,14508
2248,10819,2627,11382,3364
2249,10819,3364,11382,3746
2250,11382,2627,12553,3364
2251,10520,10389,11060,11340
2252,10520,11340,11060,11545
2253,11060,10389,11863,11340
2254,13859,4839,14191,5687
2255,13859,5687,14191,6323
2256,14191,4839,15006,5687
2257,18868,14796,19082,15318
2258,18868,15318,19082,16207
2259,19082,14796,20000,15318
2260,4947,12594,6427,13776
2261,4947,13776,6427,15479
2262,6427,12594,7160,13776
2263,0,15530,1407,16846
2264,0,16846,1407,17958
2265,1407,15530,2355,16846
2266,1407,16846,2355,17958
