Number,x1,y1,x2,y2
0,0,0,9902,9915
1,0,9915,9902,20000
2,9902,0,20000,9915
3,9902,9915,14792,15218
4,9902,15218,14792,20000
5,14792,9915,20000,15218
6,14792,15218,17398,17901
7,14792,17901,17398,20000
8,17398,15218,20000,17901
9,17398,17901,19081,19067
10,17398,19067,19081,20000
11,0,9915,4592,15102
12,0,15102,4592,20000
13,4592,9915,9902,15102
14,4592,9915,7198,12205
15,4592,12205,7198,15102
16,7198,9915,9902,12205
17,0,0,4806,4613
18,0,4613,4806,9915
19,4806,0,9902,4613
20,9902,15218,12699,17534
21,9902,17534,12699,20000
22,12699,15218,14792,17534
23,14792,9915,17594,12247
24,14792,12247,17594,15218
25,17594,9915,20000,12247
26,14792,9915,17595,12725
27,14792,12725,17595,15218
28,17595,9915,20000,12725
29,9902,15218,11309,16252
30,9902,16252,11309,17534
31,11309,15218,12699,16252
32,0,0,2060,2542
33,0,2542,2060,4613
34,2060,0,4806,2542
35,4592,9915,7112,12863
36,4592,12863,7112,15102
37,7112,9915,9902,12863
38,0,0,2321,2423
39,0,2423,2321,4613
40,2321,0,4806,2423
41,17594,9915,19118,11035
42,17594,11035,19118,12247
43,19118,9915,20000,11035
44,17594,9915,18599,10547
45,17594,10547,18599,11035
46,18599,9915,19118,10547
47,4592,9915,5743,11252
48,4592,11252,5743,12863
49,5743,9915,7112,11252
50,14792,15218,15755,16647
51,14792,16647,15755,17901
52,15755,15218,17398,16647
53,4592,9915,5968,10955
54,4592,10955,5968,12205
55,5968,9915,7198,10955
56,9902,9915,12161,12675
57,9902,12675,12161,15218
58,12161,9915,14792,12675
59,4592,9915,6245,11127
60,4592,11127,6245,12863
61,6245,9915,7112,11127
62,0,0,1055,1224
63,0,1224,1055,2542
64,1055,0,2060,1224
65,4592,9915,5955,11700
66,4592,11700,5955,12863
67,5955,9915,7112,11700
68,4592,10955,4897,11264
69,4592,11264,4897,12205
70,4897,10955,5968,11264
71,14792,9915,16089,11161
72,14792,11161,16089,12725
73,16089,9915,17595,11161
74,9902,15218,11266,15988
75,9902,15988,11266,17534
76,11266,15218,12699,15988
77,5968,9915,6538,10798
78,5968,10798,6538,10955
79,6538,9915,7198,10798
80,4592,9915,5343,10440
81,4592,10440,5343,11252
82,5343,9915,5743,10440
83,0,0,662,1421
84,0,1421,662,2542
85,662,0,2060,1421
86,14792,11161,15296,11881
87,14792,11881,15296,12725
88,15296,11161,16089,11881
89,5743,9915,6098,10703
90,5743,10703,6098,11252
91,6098,9915,7112,10703
92,12161,9915,13527,11203
93,12161,11203,13527,12675
94,13527,9915,14792,11203
95,14792,9915,16575,11095
96,14792,11095,16575,12247
97,16575,9915,17594,11095
98,4592,11127,5102,11975
99,4592,11975,5102,12863
100,5102,11127,6245,11975
101,4592,9915,7557,12717
102,4592,12717,7557,15102
103,7557,9915,9902,12717
104,0,9915,2221,12412
105,0,12412,2221,15102
106,2221,9915,4592,12412
107,4592,9915,5394,10598
108,4592,10598,5394,11127
109,5394,9915,6245,10598
110,0,1224,266,1776
111,0,1776,266,2542
112,266,1224,1055,1776
113,9902,15218,11483,16137
114,9902,16137,11483,17534
115,11483,15218,12699,16137
116,7198,9915,8512,10862
117,7198,10862,8512,12205
118,8512,9915,9902,10862
119,9902,9915,12684,12887
120,9902,12887,12684,15218
121,12684,9915,14792,12887
122,0,2542,1184,3707
123,0,3707,1184,4613
124,1184,2542,2060,3707
125,9902,15988,10868,16814
126,9902,16814,10868,17534
127,10868,15988,11266,16814
128,9902,15218,10919,15796
129,9902,15796,10919,16252
130,10919,15218,11309,15796
131,4592,12863,5744,13809
132,4592,13809,5744,15102
133,5744,12863,7112,13809
134,14792,15218,16055,16750
135,14792,16750,16055,17901
136,16055,15218,17398,16750
137,17594,9915,18995,11406
138,17594,11406,18995,12247
139,18995,9915,20000,11406
140,14792,12247,15892,13629
141,14792,13629,15892,15218
142,15892,12247,17594,13629
143,4592,9915,4916,10819
144,4592,10819,4916,11252
145,4916,9915,5743,10819
146,9902,16252,10895,16665
147,9902,16665,10895,17534
148,10895,16252,11309,16665
149,9902,15218,11287,16753
150,9902,16753,11287,17534
151,11287,15218,12699,16753
152,0,1224,459,1730
153,0,1730,459,2542
154,459,1224,1055,1730
155,14792,12725,15892,14132
156,14792,14132,15892,15218
157,15892,12725,17595,14132
158,0,9915,5187,14621
159,0,14621,5187,20000
160,5187,9915,9902,14621
161,17398,17901,17891,18548
162,17398,18548,17891,19067
163,17891,17901,19081,18548
164,5743,9915,6731,10960
165,5743,10960,6731,11252
166,6731,9915,7112,10960
167,14792,9915,17690,12802
168,14792,12802,17690,15218
169,17690,9915,20000,12802
170,4592,13809,4923,14584
171,4592,14584,4923,15102
172,4923,13809,5744,14584
173,18995,9915,19642,10493
174,18995,10493,19642,11406
175,19642,9915,20000,10493
176,9902,12887,11081,14435
177,9902,14435,11081,15218
178,11081,12887,12684,14435
179,0,9915,907,11214
180,0,11214,907,12412
181,907,9915,2221,11214
182,0,0,5060,4672
183,0,4672,5060,9915
184,5060,0,9902,4672
185,0,4613,2271,7650
186,0,7650,2271,9915
187,2271,4613,4806,7650
188,5955,9915,6195,10863
189,5955,10863,6195,11700
190,6195,9915,7112,10863
191,14792,9915,16504,10904
192,14792,10904,16504,12247
193,16504,9915,17594,10904
194,4592,9915,5807,10766
195,4592,10766,5807,11127
196,5807,9915,6245,10766
197,7112,9915,8312,11379
198,7112,11379,8312,12863
199,8312,9915,9902,11379
200,0,0,4841,4699
201,0,4699,4841,9915
202,4841,0,9902,4699
203,4592,11127,5575,11784
204,4592,11784,5575,12863
205,5575,11127,6245,11784
206,0,9915,2628,12291
207,0,12291,2628,14621
208,2628,9915,5187,12291
209,14792,12725,16300,13585
210,14792,13585,16300,15218
211,16300,12725,17595,13585
212,16300,13585,16897,14036
213,16300,14036,16897,15218
214,16897,13585,17595,14036
215,4592,12863,6099,13759
216,4592,13759,6099,15102
217,6099,12863,7112,13759
218,4592,11252,4942,11786
219,4592,11786,4942,12863
220,4942,11252,5743,11786
221,9902,15218,11319,16051
222,9902,16051,11319,17534
223,11319,15218,12699,16051
224,14792,9915,16021,11076
225,14792,11076,16021,12247
226,16021,9915,17594,11076
227,1055,0,1424,287
228,1055,287,1424,1224
229,1424,0,2060,287
230,17594,9915,18939,10737
231,17594,10737,18939,12247
232,18939,9915,20000,10737
233,0,12291,1203,13330
234,0,13330,1203,14621
235,1203,12291,2628,13330
236,14792,9915,16334,11174
237,14792,11174,16334,12725
238,16334,9915,17595,11174
239,4592,9915,4798,10476
240,4592,10476,4798,11252
241,4798,9915,5743,10476
242,907,9915,1961,10324
243,907,10324,1961,11214
244,1961,9915,2221,10324
245,14792,12725,15449,13698
246,14792,13698,15449,14132
247,15449,12725,15892,13698
248,662,0,1303,770
249,662,770,1303,1421
250,1303,0,2060,770
251,2060,0,3378,1461
252,2060,1461,3378,2542
253,3378,0,4806,1461
254,14792,13585,15603,14663
255,14792,14663,15603,15218
256,15603,13585,16300,14663
257,662,0,1497,858
258,662,858,1497,1421
259,1497,0,2060,858
260,9902,9915,12165,12857
261,9902,12857,12165,15218
262,12165,9915,14792,12857
263,14792,16750,15394,17580
264,14792,17580,15394,17901
265,15394,16750,16055,17580
266,14792,9915,15649,10386
267,14792,10386,15649,11095
268,15649,9915,16575,10386
269,0,2542,827,3362
270,0,3362,827,3707
271,14792,11076,15068,11320
272,14792,11320,15068,12247
273,15068,11076,16021,11320
274,14792,15218,15482,15988
275,14792,15988,15482,16750
276,15482,15218,16055,15988
277,17594,9915,18842,11077
278,17594,11077,18842,12247
279,18842,9915,20000,11077
280,14792,13629,14996,14462
281,14792,14462,14996,15218
282,14996,13629,15892,14462
283,15892,12247,16998,12574
284,15892,12574,16998,13629
285,16998,12247,17594,12574
286,16089,9915,17112,10569
287,16089,10569,17112,11161
288,17112,9915,17595,10569
289,0,2423,952,3134
290,0,3134,952,4613
291,952,2423,2321,3134
292,9902,15218,12686,17803
293,9902,17803,12686,20000
294,12686,15218,14792,17803
295,4592,9915,5333,10279
296,4592,10279,5333,11127
297,5333,9915,6245,10279
298,9902,17803,11429,19065
299,9902,19065,11429,20000
300,11429,17803,12686,19065
301,14792,13585,15566,14620
302,14792,14620,15566,15218
303,15566,13585,16300,14620
304,4592,9915,5903,11280
305,4592,11280,5903,12205
306,5903,9915,7198,11280
307,5743,9915,6336,10436
308,5743,10436,6336,11252
309,6336,9915,7112,10436
310,3378,0,4267,1006
311,3378,1006,4267,1461
312,4267,0,4806,1006
313,7198,10862,7592,11148
314,7198,11148,7592,12205
315,7592,10862,8512,11148
316,12699,15218,13434,16547
317,12699,16547,13434,17534
318,13434,15218,14792,16547
319,14792,17901,16266,18648
320,14792,18648,16266,20000
321,16266,17901,17398,18648
322,0,7650,1269,8792
323,0,8792,1269,9915
324,1269,7650,2271,8792
325,0,0,997,998
326,0,998,997,2423
327,997,0,2321,998
328,0,4699,2072,7359
329,0,7359,2072,9915
330,2072,4699,4841,7359
331,11429,17803,11843,18096
332,11429,18096,11843,19065
333,11843,17803,12686,18096
334,5187,9915,7416,12589
335,5187,12589,7416,14621
336,7416,9915,9902,12589
337,18842,9915,19280,10752
338,18842,10752,19280,11077
339,19280,9915,20000,10752
340,11287,15218,12068,15752
341,11287,15752,12068,16753
342,12068,15218,12699,15752
343,16021,9915,17073,10498
344,16021,10498,17073,11076
345,17073,9915,17594,10498
346,14792,10904,15918,11892
347,14792,11892,15918,12247
348,15918,10904,16504,11892
349,12161,9915,13092,10344
350,12161,10344,13092,11203
351,13092,9915,13527,10344
352,4592,9915,6105,11135
353,4592,11135,6105,12205
354,6105,9915,7198,11135
355,4592,9915,5940,11510
356,4592,11510,5940,12863
357,5940,9915,7112,11510
358,1203,12291,2174,12659
359,1203,12659,2174,13330
360,2174,12291,2628,12659
361,6105,9915,6708,10590
362,6105,10590,6708,11135
363,6708,9915,7198,10590
364,14792,11095,15760,11545
365,14792,11545,15760,12247
366,15760,11095,16575,11545
367,9902,0,14860,5130
368,9902,5130,14860,9915
369,14860,0,20000,5130
370,14860,5130,17083,7456
371,14860,7456,17083,9915
372,17083,5130,20000,7456
373,17690,9915,18852,11050
374,17690,11050,18852,12802
375,18852,9915,20000,11050
376,5187,9915,7779,12103
377,5187,12103,7779,14621
378,7779,9915,9902,12103
379,7112,9915,8235,11209
380,7112,11209,8235,12863
381,8235,9915,9902,11209
382,14792,9915,16044,11264
383,14792,11264,16044,12247
384,16044,9915,17594,11264
385,15755,15218,16429,15938
386,15755,15938,16429,16647
387,16429,15218,17398,15938
388,17690,9915,17964,10624
389,17690,10624,17964,11050
390,17964,9915,18852,10624
391,0,0,2242,2550
392,0,2550,2242,4613
393,2242,0,4806,2550
394,0,9915,4689,15170
395,0,15170,4689,20000
396,4689,9915,9902,15170
397,5187,12589,6092,13408
398,5187,13408,6092,14621
399,6092,12589,7416,13408
400,1203,12291,2191,12633
401,1203,12633,2191,13330
402,2191,12291,2628,12633
403,0,7650,1028,8431
404,0,8431,1028,8792
405,1028,7650,1269,8431
406,0,1224,250,1703
407,0,1703,250,2542
408,250,1224,1055,1703
409,18995,9915,19598,10525
410,18995,10525,19598,11406
411,19598,9915,20000,10525
412,4592,9915,5913,10819
413,4592,10819,5913,12205
414,5913,9915,7198,10819
415,12699,15218,14054,16181
416,12699,16181,14054,17534
417,14054,15218,14792,16181
418,3378,0,4054,576
419,3378,576,4054,1461
420,4054,0,4806,576
421,0,4613,987,6333
422,0,6333,987,7650
423,987,4613,2271,6333
424,0,13330,504,13673
425,0,13673,504,14621
426,504,13330,1203,13673
427,5903,9915,6801,10684
428,5903,10684,6801,11280
429,6801,9915,7198,10684
430,14860,0,17055,2217
431,14860,2217,17055,5130
432,17055,0,20000,2217
433,14792,9915,16120,11138
434,14792,11138,16120,12725
435,16120,9915,17595,11138
436,17594,9915,18698,10368
437,17594,10368,18698,11035
438,18698,9915,19118,10368
439,0,12291,491,12555
440,0,12555,491,13330
441,491,12291,1203,12555
442,0,7650,390,8095
443,0,8095,390,8792
444,390,7650,1269,8095
445,18842,9915,19780,10807
446,18842,10807,19780,11077
447,19780,9915,20000,10807
448,5743,9915,6659,10187
449,5743,10187,6659,11252
450,6659,9915,7112,10187
451,0,7650,468,8089
452,0,8089,468,8792
453,468,7650,1269,8089
454,9902,15988,10611,16399
455,9902,16399,10611,17534
456,10611,15988,11266,16399
457,0,2542,689,3323
458,0,3323,689,4613
459,689,2542,2060,3323
460,18995,9915,19293,10633
461,18995,10633,19293,11406
462,19293,9915,20000,10633
463,0,9915,2815,12092
464,0,12092,2815,14621
465,2815,9915,5187,12092
466,5968,9915,6959,10105
467,5968,10105,6959,10955
468,6959,9915,7198,10105
469,15892,12574,16794,12915
470,15892,12915,16794,13629
471,16794,12574,16998,12915
472,5187,12103,6523,13159
473,5187,13159,6523,14621
474,6523,12103,7779,13159
475,0,15102,2480,17629
476,0,17629,2480,20000
477,2480,15102,4592,17629
478,2060,1461,2778,1874
479,2060,1874,2778,2542
480,2778,1461,3378,1874
481,14792,9915,16528,11064
482,14792,11064,16528,12247
483,16528,9915,17594,11064
484,0,0,2785,2601
485,0,2601,2785,4672
486,2785,0,5060,2601
487,2072,4699,3809,6376
488,2072,6376,3809,7359
489,3809,4699,4841,6376
490,9902,16051,10356,16848
491,9902,16848,10356,17534
492,10356,16051,11319,16848
493,5187,9915,7176,12457
494,5187,12457,7176,14621
495,7176,9915,9902,12457
496,15892,12247,16651,12613
497,15892,12613,16651,13629
498,16651,12247,17594,12613
499,0,15170,2246,17497
500,0,17497,2246,20000
501,2246,15170,4689,17497
502,0,9915,1446,11546
503,0,11546,1446,12412
504,1446,9915,2221,11546
505,7112,9915,8721,11212
506,7112,11212,8721,12863
507,8721,9915,9902,11212
508,0,0,4931,5135
509,0,5135,4931,9915
510,4931,0,9902,5135
511,0,9915,1015,11220
512,0,11220,1015,12092
513,1015,9915,2815,11220
514,1269,7650,1850,8215
515,1269,8215,1850,8792
516,1850,7650,2271,8215
517,12686,15218,13573,16755
518,12686,16755,13573,17803
519,13573,15218,14792,16755
520,9902,15218,10875,16034
521,9902,16034,10875,16753
522,10875,15218,11287,16034
523,6523,12103,7358,12831
524,6523,12831,7358,13159
525,7358,12103,7779,12831
526,14792,15218,16411,16937
527,14792,16937,16411,17901
528,16411,15218,17398,16937
529,7779,9915,8864,11321
530,7779,11321,8864,12103
531,8864,9915,9902,11321
532,13527,9915,14261,10409
533,13527,10409,14261,11203
534,14261,9915,14792,10409
535,0,17497,1388,19027
536,0,19027,1388,20000
537,1388,17497,2246,19027
538,0,12412,1353,13407
539,0,13407,1353,15102
540,1353,12412,2221,13407
541,17594,9915,18451,11293
542,17594,11293,18451,12247
543,18451,9915,20000,11293
544,17594,9915,18462,10972
545,17594,10972,18462,12247
546,18462,9915,20000,10972
547,18451,9915,18863,10421
548,18451,10421,18863,11293
549,18863,9915,20000,10421
550,5187,13159,5648,13690
551,5187,13690,5648,14621
552,5648,13159,6523,13690
553,4592,9915,5310,10144
554,4592,10144,5310,11135
555,5310,9915,6105,10144
556,17594,9915,18374,10097
557,17594,10097,18374,11035
558,18374,9915,19118,10097
559,2271,4613,3928,6504
560,2271,6504,3928,7650
561,3928,4613,4806,6504
562,0,2542,506,2870
563,0,2870,506,3707
564,506,2542,1184,2870
565,17594,9915,18317,10284
566,17594,10284,18317,11077
567,18317,9915,18842,10284
568,14860,7456,16217,8636
569,14860,8636,16217,9915
570,16217,7456,17083,8636
571,0,2601,1345,3346
572,0,3346,1345,4672
573,1345,2601,2785,3346
574,4841,0,7306,2496
575,4841,2496,7306,4699
576,7306,0,9902,2496
577,2480,15102,3705,16280
578,2480,16280,3705,17629
579,3705,15102,4592,16280
580,4592,12863,6228,13957
581,4592,13957,6228,15102
582,6228,12863,7112,13957
583,8864,9915,9527,10666
584,8864,10666,9527,11321
585,9527,9915,9902,10666
586,14792,9915,15378,10423
587,14792,10423,15378,11264
588,15378,9915,16044,10423
589,14860,2217,15752,3712
590,14860,3712,15752,5130
591,15752,2217,17055,3712
592,2815,9915,3865,10918
593,2815,10918,3865,12092
594,3865,9915,5187,10918
595,2480,15102,3433,15964
596,2480,15964,3433,16280
597,3433,15102,3705,15964
598,4592,9915,4972,10730
599,4592,10730,4972,11135
600,4972,9915,6105,10730
601,0,9915,932,10923
602,0,10923,932,12412
603,932,9915,2221,10923
604,7176,9915,8899,11096
605,7176,11096,8899,12457
606,8899,9915,9902,11096
607,0,7650,1320,8894
608,0,8894,1320,9915
609,1320,7650,2271,8894
610,8312,9915,8910,10647
611,8312,10647,8910,11379
612,8910,9915,9902,10647
613,2785,0,4031,1338
614,2785,1338,4031,2601
615,4031,0,5060,1338
616,16575,9915,16810,10431
617,16575,10431,16810,11095
618,16810,9915,17594,10431
619,7112,9915,8247,10436
620,7112,10436,8247,11212
621,8247,9915,8721,10436
622,4592,9915,6229,11371
623,4592,11371,6229,12717
624,6229,9915,7557,11371
625,2242,0,3576,1224
626,2242,1224,3576,2550
627,3576,0,4806,1224
628,4592,10955,5439,11198
629,4592,11198,5439,12205
630,5439,10955,5968,11198
631,0,0,918,1343
632,0,1343,918,2542
633,918,0,2060,1343
634,11287,15218,12053,16305
635,11287,16305,12053,16753
636,12053,15218,12699,16305
637,5060,0,7238,2479
638,5060,2479,7238,4672
639,7238,0,9902,2479
640,9902,12887,10497,13509
641,9902,13509,10497,14435
642,10497,12887,11081,13509
643,2072,4699,2681,5208
644,2072,5208,2681,6376
645,2681,4699,3809,5208
646,14792,9915,15923,11011
647,14792,11011,15923,12802
648,15923,9915,17690,11011
649,14860,7456,15162,7876
650,14860,7876,15162,8636
651,15162,7456,16217,7876
652,18842,9915,19610,10780
653,18842,10780,19610,11077
654,19610,9915,20000,10780
655,14792,9915,15155,10400
656,14792,10400,15155,11264
657,15155,9915,16044,10400
658,8721,9915,9357,10933
659,8721,10933,9357,11212
660,9357,9915,9902,10933
661,5060,0,5875,1004
662,5060,1004,5875,2479
663,5875,0,7238,1004
664,0,7359,976,8590
665,0,8590,976,9915
666,976,7359,2072,8590
667,0,3346,617,3897
668,0,3897,617,4672
669,617,3346,1345,3897
670,0,0,1344,1653
671,0,1653,1344,2542
672,1344,0,2060,1653
673,0,7359,1012,8381
674,0,8381,1012,9915
675,1012,7359,2072,8381
676,9902,15218,10845,15794
677,9902,15794,10845,16252
678,10845,15218,11309,15794
679,7198,9915,8489,10879
680,7198,10879,8489,12205
681,8489,9915,9902,10879
682,3865,9915,4341,10530
683,3865,10530,4341,10918
684,4341,9915,5187,10530
685,2321,0,3287,1228
686,2321,1228,3287,2423
687,3287,0,4806,1228
688,0,8381,788,9491
689,0,9491,788,9915
690,788,8381,1012,9491
691,2242,1224,2740,1601
692,2242,1601,2740,2550
693,2740,1224,3576,1601
694,12161,9915,13781,11596
695,12161,11596,13781,12675
696,13781,9915,14792,11596
697,16055,15218,16861,16086
698,16055,16086,16861,16750
699,16861,15218,17398,16086
700,5187,13159,5828,14160
701,5187,14160,5828,14621
702,5828,13159,6523,14160
703,5955,9915,6206,10482
704,5955,10482,6206,11700
705,6206,9915,7112,10482
706,14792,9915,15808,10718
707,14792,10718,15808,11138
708,15808,9915,16120,10718
709,0,7650,954,8979
710,0,8979,954,9915
711,954,7650,2271,8979
712,14792,9915,16502,11024
713,14792,11024,16502,12802
714,16502,9915,17690,11024
715,2271,4613,3343,5806
716,2271,5806,3343,6504
717,3343,4613,3928,5806
718,0,12412,957,13404
719,0,13404,957,15102
720,957,12412,2221,13404
721,5060,2479,6366,3898
722,5060,3898,6366,4672
723,6366,2479,7238,3898
724,0,13330,838,13625
725,0,13625,838,14621
726,838,13330,1203,13625
727,3287,0,4347,858
728,3287,858,4347,1228
729,4347,0,4806,858
730,7112,9915,8046,10743
731,7112,10743,8046,11379
732,8046,9915,8312,10743
733,13527,9915,14431,10196
734,13527,10196,14431,11203
735,14431,9915,14792,10196
736,5187,12589,6240,13596
737,5187,13596,6240,14621
738,6240,12589,7416,13596
739,12699,15218,13492,16229
740,12699,16229,13492,17534
741,13492,15218,14792,16229
742,5187,12589,6214,13428
743,5187,13428,6214,14621
744,6214,12589,7416,13428
745,3287,0,3801,846
746,3287,846,3801,1228
747,3801,0,4806,846
748,4841,2496,5910,3197
749,4841,3197,5910,4699
750,5910,2496,7306,3197
751,0,8792,543,9487
752,0,9487,543,9915
753,543,8792,1269,9487
754,6229,9915,7246,10889
755,6229,10889,7246,11371
756,7246,9915,7557,10889
757,5875,0,6468,677
758,5875,677,6468,1004
759,6468,0,7238,677
760,14792,9915,15822,10428
761,14792,10428,15822,11095
762,15822,9915,16575,10428
763,7112,11212,8201,11711
764,7112,11711,8201,12863
765,8201,11212,8721,11711
766,14792,11024,15988,11552
767,14792,11552,15988,12802
768,15988,11024,16502,11552
769,13434,15218,13993,15907
770,13434,15907,13993,16547
771,13993,15218,14792,15907
772,6523,12103,7010,12774
773,6523,12774,7010,13159
774,7010,12103,7779,12774
775,4931,0,7189,2179
776,4931,2179,7189,5135
777,7189,0,9902,2179
778,5187,13596,6089,14130
779,5187,14130,6089,14621
780,6089,13596,6240,14130
781,1012,7359,1853,7849
782,1012,7849,1853,8381
783,1853,7359,2072,7849
784,4841,0,7235,2500
785,4841,2500,7235,4699
786,7235,0,9902,2500
787,8312,9915,9324,10431
788,8312,10431,9324,11379
789,9324,9915,9902,10431
790,9902,9915,11600,11577
791,9902,11577,11600,12887
792,11600,9915,12684,11577
793,14792,13629,15470,14234
794,14792,14234,15470,15218
795,15470,13629,15892,14234
796,14792,9915,15605,10369
797,14792,10369,15605,11095
798,15605,9915,16575,10369
799,9902,12675,11308,13827
800,9902,13827,11308,15218
801,11308,12675,12161,13827
802,7779,9915,8642,10395
803,7779,10395,8642,11321
804,8642,9915,8864,10395
805,2815,9915,3498,10544
806,2815,10544,3498,10918
807,3498,9915,3865,10544
808,4592,9915,5905,11021
809,4592,11021,5905,12863
810,5905,9915,7112,11021
811,2242,1224,3033,2089
812,2242,2089,3033,2550
813,3033,1224,3576,2089
814,0,17497,500,18217
815,0,18217,500,19027
816,500,17497,1388,18217
817,9902,15218,10583,16305
818,9902,16305,10583,16753
819,10583,15218,11287,16305
820,17083,5130,18636,6295
821,17083,6295,18636,7456
822,18636,5130,20000,6295
823,2271,6504,3173,7010
824,2271,7010,3173,7650
825,3173,6504,3928,7010
826,0,0,1579,1062
827,0,1062,1579,2601
828,1579,0,2785,1062
829,14792,11161,15444,12146
830,14792,12146,15444,12725
831,15444,11161,16089,12146
832,2060,1461,2948,1914
833,2060,1914,2948,2542
834,2948,1461,3378,1914
835,4592,13759,5445,14163
836,4592,14163,5445,15102
837,5445,13759,6099,14163
838,17594,9915,18497,10595
839,17594,10595,18497,11077
840,18497,9915,18842,10595
841,4592,9915,5132,10854
842,4592,10854,5132,11021
843,5132,9915,5905,10854
844,0,8792,691,9306
845,0,9306,691,9915
846,691,8792,1269,9306
847,0,9915,2290,12894
848,0,12894,2290,15170
849,2290,9915,4689,12894
850,3809,4699,4463,5659
851,3809,5659,4463,6376
852,4463,4699,4841,5659
853,18636,5130,18997,6032
854,18636,6032,18997,6295
855,18997,5130,20000,6032
856,0,8792,881,9258
857,0,9258,881,9915
858,881,8792,1269,9258
859,0,12291,671,13022
860,0,13022,671,13330
861,671,12291,1203,13022
862,2246,15170,3355,16314
863,2246,16314,3355,17497
864,3355,15170,4689,16314
865,17690,11050,18325,11955
866,17690,11955,18325,12802
867,18325,11050,18852,11955
868,7176,11096,8221,12082
869,7176,12082,8221,12457
870,8221,11096,8899,12082
871,2246,15170,2440,15392
872,2246,15392,2440,16314
873,2440,15170,3355,15392
874,4031,0,4891,382
875,4031,382,4891,1338
876,4891,0,5060,382
877,9902,15218,10392,15479
878,9902,15479,10392,16252
879,10392,15218,11309,15479
880,8312,9915,8793,10825
881,8312,10825,8793,11379
882,8793,9915,9902,10825
883,13527,9915,13807,10800
884,13527,10800,13807,11203
885,13807,9915,14792,10800
886,14792,9915,15821,10325
887,14792,10325,15821,11064
888,15821,9915,16528,10325
889,7198,10862,7727,11643
890,7198,11643,7727,12205
891,7727,10862,8512,11643
892,0,0,1282,1407
893,0,1407,1282,2542
894,1282,0,2060,1407
895,0,9915,511,10394
896,0,10394,511,11546
897,511,9915,1446,10394
898,2072,4699,2851,5498
899,2072,5498,2851,6376
900,2851,4699,3809,5498
901,17595,9915,18613,11133
902,17595,11133,18613,12725
903,18613,9915,20000,11133
904,4689,9915,7126,12481
905,4689,12481,7126,15170
906,7126,9915,9902,12481
907,12161,9915,13259,11568
908,12161,11568,13259,12675
909,13259,9915,14792,11568
910,1203,12291,2044,12749
911,1203,12749,2044,13330
912,2044,12291,2628,12749
913,3576,0,3851,839
914,3576,839,3851,1224
915,3851,0,4806,839
916,0,15170,2054,17687
917,0,17687,2054,20000
918,2054,15170,4689,17687
919,14792,9915,16360,11123
920,14792,11123,16360,12802
921,16360,9915,17690,11123
922,4592,9915,5454,10847
923,4592,10847,5454,11510
924,5454,9915,5940,10847
925,0,5135,2380,7893
926,0,7893,2380,9915
927,2380,5135,4931,7893
928,0,0,250,755
929,0,755,250,1407
930,250,0,1282,755
931,14792,9915,15441,10187
932,14792,10187,15441,11076
933,15441,9915,16021,10187
934,5905,9915,6454,10132
935,5905,10132,6454,11021
936,6454,9915,7112,10132
937,17055,0,18256,729
938,17055,729,18256,2217
939,18256,0,20000,729
940,9902,15218,12591,17430
941,9902,17430,12591,20000
942,12591,15218,14792,17430
943,14860,5130,16049,6068
944,14860,6068,16049,7456
945,16049,5130,17083,6068
946,14792,9915,17576,12296
947,14792,12296,17576,15218
948,17576,9915,20000,12296
949,12161,11203,13172,11670
950,12161,11670,13172,12675
951,13172,11203,13527,11670
952,12161,11670,12986,12005
953,12161,12005,12986,12675
954,12986,11670,13172,12005
955,4592,11371,5062,12412
956,4592,12412,5062,12717
957,5062,11371,6229,12412
958,16120,9915,16870,10822
959,16120,10822,16870,11138
960,16870,9915,17595,10822
961,0,9915,756,10341
962,0,10341,756,11546
963,756,9915,1446,10341
964,3809,4699,4251,5376
965,3809,5376,4251,6376
966,4251,4699,4841,5376
967,0,17687,994,19227
968,0,19227,994,20000
969,994,17687,2054,19227
970,14792,15218,15630,16320
971,14792,16320,15630,16750
972,15630,15218,16055,16320
973,12686,15218,13475,16237
974,12686,16237,13475,17803
975,13475,15218,14792,16237
976,16360,9915,17302,10121
977,16360,10121,17302,11123
978,17302,9915,17690,10121
979,17055,0,18253,1416
980,17055,1416,18253,2217
981,18253,0,20000,1416
982,4841,0,7282,2489
983,4841,2489,7282,4699
984,7282,0,9902,2489
985,7112,11379,7383,12374
986,7112,12374,7383,12863
987,7383,11379,8312,12374
988,9902,5130,12665,7513
989,9902,7513,12665,9915
990,12665,5130,14860,7513
991,4592,12205,5963,13311
992,4592,13311,5963,15102
993,5963,12205,7198,13311
994,17595,11133,18052,12219
995,17595,12219,18052,12725
996,18052,11133,18613,12219
997,4592,12717,6143,14241
998,4592,14241,6143,15102
999,6143,12717,7557,14241
1000,14792,11174,15562,12118
1001,14792,12118,15562,12725
1002,15562,11174,16334,12118
1003,4841,0,7475,2472
1004,4841,2472,7475,4699
1005,7475,0,9902,2472
1006,14792,11174,15806,11619
1007,14792,11619,15806,12725
1008,15806,11174,16334,11619
1009,0,9915,113,10832
1010,0,10832,113,11220
1011,113,9915,1015,10832
1012,2271,6504,2811,7345
1013,2271,7345,2811,7650
1014,2811,6504,3928,7345
1015,9902,12887,11545,14137
1016,9902,14137,11545,15218
1017,11545,12887,12684,14137
1018,9902,0,12159,2413
1019,9902,2413,12159,5130
1020,12159,0,14860,2413
1021,0,0,1074,933
1022,0,933,1074,2423
1023,1074,0,2321,933
1024,12686,15218,13425,16257
1025,12686,16257,13425,17803
1026,13425,15218,14792,16257
1027,9902,9915,10797,11635
1028,9902,11635,10797,12857
1029,10797,9915,12165,11635
1030,4592,11252,5448,12025
1031,4592,12025,5448,12863
1032,5448,11252,5743,12025
1033,9902,16252,10995,16882
1034,9902,16882,10995,17534
1035,10995,16252,11309,16882
1036,5743,9915,6697,10883
1037,5743,10883,6697,11252
1038,6697,9915,7112,10883
1039,0,0,832,1344
1040,0,1344,832,2542
1041,832,0,2060,1344
1042,9902,9915,10639,11267
1043,9902,11267,10639,12675
1044,10639,9915,12161,11267
1045,987,4613,1404,5607
1046,987,5607,1404,6333
1047,1404,4613,2271,5607
1048,976,7359,1597,8275
1049,976,8275,1597,8590
1050,1597,7359,2072,8275
1051,11600,9915,11815,10869
1052,11600,10869,11815,11577
1053,11815,9915,12684,10869
1054,0,14621,2954,17030
1055,0,17030,2954,20000
1056,2954,14621,5187,17030
1057,2242,0,3530,1268
1058,2242,1268,3530,2550
1059,3530,0,4806,1268
1060,0,8381,877,8897
1061,0,8897,877,9915
1062,877,8381,1012,8897
1063,14792,18648,15838,19119
1064,14792,19119,15838,20000
1065,15838,18648,16266,19119
1066,14792,11161,15523,11736
1067,14792,11736,15523,12725
1068,15523,11161,16089,11736
1069,0,1224,207,2231
1070,0,2231,207,2542
1071,207,1224,1055,2231
1072,14792,17901,16490,19208
1073,14792,19208,16490,20000
1074,16490,17901,17398,19208
1075,12161,11670,12469,12074
1076,12161,12074,12469,12675
1077,12469,11670,13172,12074
1078,9902,12887,11264,13945
1079,9902,13945,11264,15218
1080,11264,12887,12684,13945
1081,4592,9915,5530,10641
1082,4592,10641,5530,11510
1083,5530,9915,5940,10641
1084,6229,9915,6785,10327
1085,6229,10327,6785,11371
1086,6785,9915,7557,10327
1087,17576,9915,18983,11338
1088,17576,11338,18983,12296
1089,18983,9915,20000,11338
1090,0,0,1598,1109
1091,0,1109,1598,2601
1092,1598,0,2785,1109
1093,14792,11552,15543,12352
1094,14792,12352,15543,12802
1095,15543,11552,15988,12352
1096,2060,0,2390,498
1097,2060,498,2390,1461
1098,2390,0,3378,498
1099,0,5135,2806,7444
1100,0,7444,2806,9915
1101,2806,5135,4931,7444
1102,2290,9915,3183,11437
1103,2290,11437,3183,12894
1104,3183,9915,4689,11437
1105,14860,0,16275,1476
1106,14860,1476,16275,2217
1107,16275,0,17055,1476
1108,7112,11212,8065,11882
1109,7112,11882,8065,12863
1110,8065,11212,8721,11882
1111,9902,9915,11112,11227
1112,9902,11227,11112,12675
1113,11112,9915,12161,11227
1114,4592,10955,5253,11786
1115,4592,11786,5253,12205
1116,5253,10955,5968,11786
1117,13425,15218,13838,15352
1118,13425,15352,13838,16257
1119,13838,15218,14792,15352
1120,14792,11011,15191,12300
1121,14792,12300,15191,12802
1122,15191,11011,15923,12300
1123,4689,9915,5881,11583
1124,4689,11583,5881,12481
1125,5881,9915,7126,11583
1126,4592,9915,5299,11176
1127,4592,11176,5299,11700
1128,5299,9915,5955,11176
1129,14860,0,16055,809
1130,14860,809,16055,2217
1131,16055,0,17055,809
1132,7475,0,8854,1116
1133,7475,1116,8854,2472
1134,8854,0,9902,1116
1135,13573,15218,13852,15904
1136,13573,15904,13852,16755
1137,13852,15218,14792,15904
1138,10797,9915,11495,10811
1139,10797,10811,11495,11635
1140,11495,9915,12165,10811
1141,0,0,985,926
1142,0,926,985,2550
1143,985,0,2242,926
1144,9902,5130,11192,5933
1145,9902,5933,11192,7513
1146,11192,5130,12665,5933
1147,4841,2500,6079,3836
1148,4841,3836,6079,4699
1149,6079,2500,7235,3836
1150,9902,12887,10898,14160
1151,9902,14160,10898,15218
1152,10898,12887,12684,14160
1153,10639,9915,11634,10410
1154,10639,10410,11634,11267
1155,11634,9915,12161,10410
1156,8312,9915,9243,10736
1157,8312,10736,9243,11379
1158,9243,9915,9902,10736
1159,17594,11077,18309,11470
1160,17594,11470,18309,12247
1161,18309,11077,18842,11470
1162,5187,12103,6881,12994
1163,5187,12994,6881,14621
1164,6881,12103,7779,12994
1165,9902,12887,10429,13278
1166,9902,13278,10429,14435
1167,10429,12887,11081,13278
1168,17055,0,18556,1354
1169,17055,1354,18556,2217
1170,18556,0,20000,1354
1171,14792,15218,15730,16231
1172,14792,16231,15730,16937
1173,15730,15218,16411,16231
1174,6240,12589,6728,12880
1175,6240,12880,6728,13596
1176,6728,12589,7416,12880
1177,5903,9915,6416,10979
1178,5903,10979,6416,11280
1179,6416,9915,7198,10979
1180,0,2423,1063,3819
1181,0,3819,1063,4613
1182,1063,2423,2321,3819
1183,0,933,487,1486
1184,0,1486,487,2423
1185,487,933,1074,1486
1186,5881,9915,6216,10408
1187,5881,10408,6216,11583
1188,6216,9915,7126,10408
1189,0,7893,1078,9261
1190,0,9261,1078,9915
1191,1078,7893,2380,9261
1192,4689,9915,5436,10932
1193,4689,10932,5436,11583
1194,5436,9915,5881,10932
1195,7112,9915,8900,11371
1196,7112,11371,8900,12863
1197,8900,9915,9902,11371
1198,17055,0,17755,385
1199,17055,385,17755,1416
1200,17755,0,18253,385
1201,7557,9915,8616,11541
1202,7557,11541,8616,12717
1203,8616,9915,9902,11541
1204,2242,1224,2827,1888
1205,2242,1888,2827,2550
1206,2827,1224,3576,1888
1207,0,4672,2236,7274
1208,0,7274,2236,9915
1209,2236,4672,5060,7274
1210,9902,12887,10368,13423
1211,9902,13423,10368,14435
1212,10368,12887,11081,13423
1213,0,14621,1647,15695
1214,0,15695,1647,17030
1215,1647,14621,2954,15695
1216,4592,9915,5408,10863
1217,4592,10863,5408,11135
1218,5408,9915,6105,10863
1219,5903,9915,6769,10767
1220,5903,10767,6769,11280
1221,6769,9915,7198,10767
1222,17594,9915,19074,10784
1223,17594,10784,19074,12247
1224,19074,9915,20000,10784
1225,14860,0,17517,2759
1226,14860,2759,17517,5130
1227,17517,0,20000,2759
1228,12161,11568,13085,12225
1229,12161,12225,13085,12675
1230,13085,11568,13259,12225
1231,9902,15218,11653,16419
1232,9902,16419,11653,17803
1233,11653,15218,12686,16419
1234,5060,0,6097,1281
1235,5060,1281,6097,2479
1236,6097,0,7238,1281
1237,9902,15218,12476,17704
1238,9902,17704,12476,20000
1239,12476,15218,14792,17704
1240,17055,0,17344,944
1241,17055,944,17344,1416
1242,17344,0,18253,944
1243,4689,9915,5483,10769
1244,4689,10769,5483,11583
1245,5483,9915,5881,10769
1246,14860,7456,15758,8962
1247,14860,8962,15758,9915
1248,15758,7456,17083,8962
1249,0,9915,1129,10810
1250,0,10810,1129,12092
1251,1129,9915,2815,10810
1252,18556,0,18936,1043
1253,18556,1043,18936,1354
1254,18936,0,20000,1043
1255,9902,17803,10430,18552
1256,9902,18552,10430,19065
1257,10430,17803,11429,18552
1258,0,4672,2681,7284
1259,0,7284,2681,9915
1260,2681,4672,5060,7284
1261,4931,2179,6379,4020
1262,4931,4020,6379,5135
1263,6379,2179,7189,4020
1264,0,4613,2088,7278
1265,0,7278,2088,9915
1266,2088,4613,4806,7278
1267,12161,11203,12518,12013
1268,12161,12013,12518,12675
1269,12518,11203,13527,12013
1270,0,9915,1571,11267
1271,0,11267,1571,12092
1272,1571,9915,2815,11267
1273,7112,11212,8116,11981
1274,7112,11981,8116,12863
1275,8116,11212,8721,11981
1276,17083,5130,17981,5374
1277,17083,5374,17981,6295
1278,17981,5130,18636,5374
1279,14792,12247,16364,13576
1280,14792,13576,16364,15218
1281,16364,12247,17594,13576
1282,0,3346,404,4251
1283,0,4251,404,4672
1284,404,3346,1345,4251
1285,4841,2489,5750,3993
1286,4841,3993,5750,4699
1287,5750,2489,7282,3993
1288,9902,13945,10229,14610
1289,9902,14610,10229,15218
1290,10229,13945,11264,14610
1291,0,0,778,1151
1292,0,1151,778,2423
1293,778,0,2321,1151
1294,12161,9915,12984,10207
1295,12161,10207,12984,11203
1296,12984,9915,13527,10207
1297,4592,13311,5052,14492
1298,4592,14492,5052,15102
1299,5052,13311,5963,14492
1300,12476,15218,13422,16070
1301,12476,16070,13422,17704
1302,13422,15218,14792,16070
1303,2815,10918,2958,11532
1304,2815,11532,2958,12092
1305,2958,10918,3865,11532
1306,6097,0,6645,320
1307,6097,320,6645,1281
1308,6645,0,7238,320
1309,11653,15218,12562,16093
1310,11653,16093,12562,16419
1311,12562,15218,12686,16093
1312,18462,9915,19575,10187
1313,18462,10187,19575,10972
1314,19575,9915,20000,10187
1315,2246,15170,2644,15857
1316,2246,15857,2644,16314
1317,2644,15170,3355,15857
1318,0,13330,203,13656
1319,0,13656,203,14621
1320,203,13330,1203,13656
1321,0,4613,2190,7069
1322,0,7069,2190,9915
1323,2190,4613,4806,7069
1324,2088,4613,3098,5857
1325,2088,5857,3098,7278
1326,3098,4613,4806,5857
1327,4592,9915,5868,11460
1328,4592,11460,5868,12717
1329,5868,9915,7557,11460
1330,0,7069,1153,8255
1331,0,8255,1153,9915
1332,1153,7069,2190,8255
1333,5187,13159,6185,13613
1334,5187,13613,6185,14621
1335,6185,13159,6523,13613
1336,0,12894,870,13737
1337,0,13737,870,15170
1338,870,12894,2290,13737
1339,2271,4613,3348,5915
1340,2271,5915,3348,6504
1341,3348,4613,3928,5915
1342,5905,9915,6461,10306
1343,5905,10306,6461,11021
1344,6461,9915,7112,10306
1345,14792,9915,15640,10308
1346,14792,10308,15640,11024
1347,15640,9915,16502,10308
1348,11264,12887,11743,13701
1349,11264,13701,11743,13945
1350,11743,12887,12684,13701
1351,9902,15988,10654,16761
1352,9902,16761,10654,17534
1353,10654,15988,11266,16761
1354,11081,12887,11789,13686
1355,11081,13686,11789,14435
1356,11789,12887,12684,13686
1357,14792,11011,14969,11628
1358,14792,11628,14969,12802
1359,14969,11011,15923,11628
1360,0,0,2767,2378
1361,0,2378,2767,4699
1362,2767,0,4841,2378
1363,12684,9915,14031,11750
1364,12684,11750,14031,12887
1365,14031,9915,14792,11750
1366,4592,13809,4815,14801
1367,4592,14801,4815,15102
1368,4815,13809,5744,14801
1369,1055,0,1953,228
1370,1055,228,1953,1224
1371,1953,0,2060,228
1372,8854,0,9402,478
1373,8854,478,9402,1116
1374,9402,0,9902,478
1375,14792,11076,15702,11767
1376,14792,11767,15702,12247
1377,15702,11076,16021,11767
1378,9902,7513,11590,8371
1379,9902,8371,11590,9915
1380,11590,7513,12665,8371
1381,4931,4020,5605,4688
1382,4931,4688,5605,5135
1383,5605,4020,6379,4688
1384,5955,9915,6663,10829
1385,5955,10829,6663,11700
1386,6663,9915,7112,10829
1387,2815,9915,3183,10664
1388,2815,10664,3183,10918
1389,3183,9915,3865,10664
1390,0,2378,1054,3518
1391,0,3518,1054,4699
1392,1054,2378,2767,3518
1393,0,4672,1261,5729
1394,0,5729,1261,7284
1395,1261,4672,2681,5729
1396,14792,9915,17389,12667
1397,14792,12667,17389,15218
1398,17389,9915,20000,12667
1399,14792,11095,15675,11481
1400,14792,11481,15675,12247
1401,15675,11095,16575,11481
1402,17690,9915,18570,10132
1403,17690,10132,18570,11050
1404,18570,9915,18852,10132
1405,3865,9915,4616,10721
1406,3865,10721,4616,10918
1407,4616,9915,5187,10721
1408,2681,4672,3624,5670
1409,2681,5670,3624,7284
1410,3624,4672,5060,5670
1411,0,4699,2725,7514
1412,0,7514,2725,9915
1413,2725,4699,4841,7514
1414,4592,9915,5310,10587
1415,4592,10587,5310,11280
1416,5310,9915,5903,10587
1417,7126,9915,8555,11072
1418,7126,11072,8555,12481
1419,8555,9915,9902,11072
1420,2246,16314,2972,17018
1421,2246,17018,2972,17497
1422,2972,16314,3355,17018
1423,14792,12725,15857,13618
1424,14792,13618,15857,15218
1425,15857,12725,17595,13618
1426,2271,6504,3235,7405
1427,2271,7405,3235,7650
1428,3235,6504,3928,7405
1429,5187,9915,5950,11185
1430,5187,11185,5950,12589
1431,5950,9915,7416,11185
1432,1571,9915,1917,10399
1433,1571,10399,1917,11267
1434,1917,9915,2815,10399
1435,0,9915,4829,14692
1436,0,14692,4829,20000
1437,4829,9915,9902,14692
1438,4592,13759,5633,14104
1439,4592,14104,5633,15102
1440,5633,13759,6099,14104
1441,0,4613,1063,6267
1442,0,6267,1063,7278
1443,1063,4613,2088,6267
1444,0,7650,1014,9160
1445,0,9160,1014,9915
1446,1014,7650,2271,9160
1447,0,9915,2611,12303
1448,0,12303,2611,15170
1449,2611,9915,4689,12303
1450,4841,3197,5424,3625
1451,4841,3625,5424,4699
1452,5424,3197,5910,3625
1453,4592,9915,4853,10601
1454,4592,10601,4853,11460
1455,4853,9915,5868,10601
1456,5940,9915,6694,11112
1457,5940,11112,6694,11510
1458,6694,9915,7112,11112
1459,14792,17901,15741,18755
1460,14792,18755,15741,20000
1461,15741,17901,17398,18755
1462,14792,11138,15580,12269
1463,14792,12269,15580,12725
1464,15580,11138,16120,12269
1465,2785,0,4160,1404
1466,2785,1404,4160,2601
1467,4160,0,5060,1404
1468,0,2542,1232,3599
1469,0,3599,1232,4613
1470,1232,2542,2060,3599
1471,5187,12589,5638,12859
1472,5187,12859,5638,13596
1473,5638,12589,6240,12859
1474,0,15102,1924,17721
1475,0,17721,1924,20000
1476,1924,15102,4592,17721
1477,14792,11174,15623,12202
1478,14792,12202,15623,12725
1479,15623,11174,16334,12202
1480,14792,9915,15358,10486
1481,14792,10486,15358,11174
1482,15358,9915,16334,10486
1483,9902,7513,11666,8427
1484,9902,8427,11666,9915
1485,11666,7513,12665,8427
1486,11287,15218,12005,15957
1487,11287,15957,12005,16753
1488,12005,15218,12699,15957
1489,9902,15218,10825,15585
1490,9902,15585,10825,16753
1491,10825,15218,11287,15585
1492,9902,17803,10844,18552
1493,9902,18552,10844,19065
1494,10844,17803,11429,18552
1495,8235,9915,9363,10479
1496,8235,10479,9363,11209
1497,9363,9915,9902,10479
1498,0,2601,1734,3559
1499,0,3559,1734,4672
1500,1734,2601,2785,3559
1501,0,4613,1097,5986
1502,0,5986,1097,7650
1503,1097,4613,2271,5986
1504,4931,2179,5303,3261
1505,4931,3261,5303,4020
1506,5303,2179,6379,3261
1507,16502,9915,17082,10083
1508,16502,10083,17082,11024
1509,17082,9915,17690,10083
1510,18253,0,18948,495
1511,18253,495,18948,1416
1512,18948,0,20000,495
1513,0,4613,772,6214
1514,0,6214,772,7650
1515,772,4613,2271,6214
1516,0,0,737,1303
1517,0,1303,737,2550
1518,737,0,2242,1303
1519,4592,9915,5459,10643
1520,4592,10643,5459,10955
1521,5459,9915,5968,10643
1522,0,7650,454,8400
1523,0,8400,454,8894
1524,454,7650,1320,8400
1525,2628,9915,3697,11251
1526,2628,11251,3697,12291
1527,3697,9915,5187,11251
1528,17517,0,18910,1719
1529,17517,1719,18910,2759
1530,18910,0,20000,1719
1531,14792,11138,15767,11875
1532,14792,11875,15767,12725
1533,15767,11138,16120,11875
1534,14792,9915,16089,11614
1535,14792,11614,16089,12802
1536,16089,9915,17690,11614
1537,9902,12887,10869,13378
1538,9902,13378,10869,14137
1539,10869,12887,11545,13378
1540,14792,9915,15358,10939
1541,14792,10939,15358,11174
1542,15358,9915,16334,10939
1543,0,6267,666,6393
1544,0,6393,666,7278
1545,666,6267,1063,6393
1546,0,4613,1271,6216
1547,0,6216,1271,7278
1548,1271,4613,2088,6216
1549,9902,5933,10735,7083
1550,9902,7083,10735,7513
1551,10735,5933,11192,7083
1552,4841,2472,6264,3621
1553,4841,3621,6264,4699
1554,6264,2472,7475,3621
1555,18936,0,19437,569
1556,18936,569,19437,1043
1557,19437,0,20000,569
1558,1063,4613,1925,5203
1559,1063,5203,1925,6267
1560,1925,4613,2088,5203
1561,1261,4672,2087,5033
1562,1261,5033,2087,5729
1563,2087,4672,2681,5033
1564,918,0,1113,662
1565,918,662,1113,1343
1566,1113,0,2060,662
1567,7557,9915,8767,11099
1568,7557,11099,8767,12717
1569,8767,9915,9902,11099
1570,1063,2423,1385,3283
1571,1063,3283,1385,3819
1572,1385,2423,2321,3283
1573,14860,0,16225,1113
1574,14860,1113,16225,2759
1575,16225,0,17517,1113
1576,0,4613,573,5682
1577,0,5682,573,6216
1578,573,4613,1271,5682
1579,9902,5130,12058,7326
1580,9902,7326,12058,9915
1581,12058,5130,14860,7326
1582,15758,7456,16438,8429
1583,15758,8429,16438,8962
1584,16438,7456,17083,8429
1585,17398,15218,18821,16621
1586,17398,16621,18821,17901
1587,18821,15218,20000,16621
1588,18451,9915,19236,10860
1589,18451,10860,19236,11293
1590,19236,9915,20000,10860
1591,0,7069,870,7956
1592,0,7956,870,8255
1593,870,7069,1153,7956
1594,4841,0,5657,1048
1595,4841,1048,5657,2500
1596,5657,0,7235,1048
1597,1054,2378,2246,3156
1598,1054,3156,2246,3518
1599,2246,2378,2767,3156
1600,8864,9915,9299,10553
1601,8864,10553,9299,11321
1602,9299,9915,9902,10553
1603,2072,4699,2856,5162
1604,2072,5162,2856,6376
1605,2856,4699,3809,5162
1606,18556,0,19308,918
1607,18556,918,19308,1354
1608,19308,0,20000,918
1609,9902,17704,11436,18541
1610,9902,18541,11436,20000
1611,11436,17704,12476,18541
1612,4592,12863,6086,13917
1613,4592,13917,6086,15102
1614,6086,12863,7112,13917
1615,18636,5130,19092,5966
1616,18636,5966,19092,6295
1617,19092,5130,20000,5966
1618,9902,0,14851,5060
1619,9902,5060,14851,9915
1620,14851,0,20000,5060
1621,0,4613,295,5787
1622,0,5787,295,6267
1623,295,4613,1063,5787
1624,1598,0,2454,774
1625,1598,774,2454,1109
1626,2454,0,2785,774
1627,0,7069,1492,8537
1628,0,8537,1492,9915
1629,1492,7069,2190,8537
1630,832,0,1550,301
1631,832,301,1550,1344
1632,1550,0,2060,301
1633,9902,15218,10997,15893
1634,9902,15893,10997,16419
1635,10997,15218,11653,15893
1636,9902,15218,10267,16061
1637,9902,16061,10267,16753
1638,10267,15218,11287,16061
1639,17083,6295,17504,6662
1640,17083,6662,17504,7456
1641,17504,6295,18636,6662
1642,3809,4699,4330,5379
1643,3809,5379,4330,6376
1644,4330,4699,4841,5379
1645,9902,8371,10619,8902
1646,9902,8902,10619,9915
1647,10619,8371,11590,8902
1648,0,4699,1497,5860
1649,0,5860,1497,7514
1650,1497,4699,2725,5860
1651,9902,14137,10443,14361
1652,9902,14361,10443,15218
1653,10443,14137,11545,14361
1654,2380,5135,3296,6653
1655,2380,6653,3296,7893
1656,3296,5135,4931,6653
1657,12161,9915,13244,11237
1658,12161,11237,13244,12675
1659,13244,9915,14792,11237
1660,4689,9915,5611,10967
1661,4689,10967,5611,12481
1662,5611,9915,7126,10967
1663,12161,11670,12750,12194
1664,12161,12194,12750,12675
1665,12750,11670,13172,12194
1666,18462,9915,18990,10788
1667,18462,10788,18990,10972
1668,18990,9915,20000,10788
1669,5187,13159,5786,14160
1670,5187,14160,5786,14621
1671,5786,13159,6523,14160
1672,17083,5130,18295,6132
1673,17083,6132,18295,7456
1674,18295,5130,20000,6132
1675,9902,15988,10332,16466
1676,9902,16466,10332,17534
1677,10332,15988,11266,16466
1678,1078,7893,1690,8780
1679,1078,8780,1690,9261
1680,1690,7893,2380,8780
1681,5750,2489,6262,3461
1682,5750,3461,6262,3993
1683,6262,2489,7282,3461
1684,0,4613,793,5598
1685,0,5598,793,6267
1686,793,4613,1063,5598
1687,14792,11095,15285,11693
1688,14792,11693,15285,12247
1689,15285,11095,16575,11693
1690,14792,9915,16388,11390
1691,14792,11390,16388,12247
1692,16388,9915,17594,11390
1693,6086,12863,6608,13340
1694,6086,13340,6608,13917
1695,6608,12863,7112,13340
1696,7112,11209,7375,12146
1697,7112,12146,7375,12863
1698,7375,11209,8235,12146
1699,12665,5130,13903,6624
1700,12665,6624,13903,7513
1701,13903,5130,14860,6624
1702,9902,17803,10916,19282
1703,9902,19282,10916,20000
1704,10916,17803,12686,19282
1705,17055,729,17591,1740
1706,17055,1740,17591,2217
1707,17591,729,18256,1740
1708,7176,11096,8418,11868
1709,7176,11868,8418,12457
1710,8418,11096,8899,11868
1711,2767,0,3715,1197
1712,2767,1197,3715,2378
1713,3715,0,4841,1197
1714,0,15170,2158,17501
1715,0,17501,2158,20000
1716,2158,15170,4689,17501
1717,0,9915,929,10743
1718,0,10743,929,12303
1719,929,9915,2611,10743
1720,9902,7513,11216,8677
1721,9902,8677,11216,9915
1722,11216,7513,12665,8677
1723,3098,4613,3594,5430
1724,3098,5430,3594,5857
1725,3594,4613,4806,5430
1726,6229,9915,6720,10560
1727,6229,10560,6720,11371
1728,6720,9915,7557,10560
1729,2954,14621,3846,15808
1730,2954,15808,3846,17030
1731,3846,14621,5187,15808
1732,8235,9915,9177,10631
1733,8235,10631,9177,11209
1734,9177,9915,9902,10631
1735,5060,0,7372,2087
1736,5060,2087,7372,4672
1737,7372,0,9902,2087
1738,9902,7513,10191,8189
1739,9902,8189,10191,8677
1740,10191,7513,11216,8189
1741,14860,1113,15314,1719
1742,14860,1719,15314,2759
1743,15314,1113,16225,1719
1744,12165,9915,13749,11094
1745,12165,11094,13749,12857
1746,13749,9915,14792,11094
1747,15758,7456,16705,7897
1748,15758,7897,16705,8962
1749,16705,7456,17083,7897
1750,9902,15218,10356,16344
1751,9902,16344,10356,16753
1752,10356,15218,11287,16344
1753,0,15170,2178,17499
1754,0,17499,2178,20000
1755,2178,15170,4689,17499
1756,0,15170,830,16247
1757,0,16247,830,17497
1758,830,15170,2246,16247
1759,14792,12725,15317,13155
1760,14792,13155,15317,14132
1761,15317,12725,15892,13155
1762,2088,4613,3107,6110
1763,2088,6110,3107,7278
1764,3107,4613,4806,6110
1765,9902,9915,11381,11361
1766,9902,11361,11381,12887
1767,11381,9915,12684,11361
1768,18821,15218,19200,15649
1769,18821,15649,19200,16621
1770,19200,15218,20000,15649
1771,0,1224,227,1960
1772,0,1960,227,2542
1773,227,1224,1055,1960
1774,17517,0,18459,1162
1775,17517,1162,18459,2759
1776,18459,0,20000,1162
1777,9902,9915,11467,11511
1778,9902,11511,11467,12887
1779,11467,9915,12684,11511
1780,14792,12802,16071,13624
1781,14792,13624,16071,15218
1782,16071,12802,17690,13624
1783,2060,0,3179,1356
1784,2060,1356,3179,2542
1785,3179,0,4806,1356
1786,0,0,925,890
1787,0,890,925,1653
1788,925,0,1344,890
1789,7282,0,8679,1155
1790,7282,1155,8679,2489
1791,8679,0,9902,1155
1792,2271,4613,2626,5539
1793,2271,5539,2626,5915
1794,2626,4613,3348,5539
1795,2190,4613,3377,6000
1796,2190,6000,3377,7069
1797,3377,4613,4806,6000
1798,17055,0,17858,1066
1799,17055,1066,17858,1354
1800,17858,0,18556,1066
1801,12161,9915,13577,11454
1802,12161,11454,13577,12675
1803,13577,9915,14792,11454
1804,2242,0,3063,265
1805,2242,265,3063,1224
1806,3063,0,3576,265
1807,778,0,1637,696
1808,778,696,1637,1151
1809,1637,0,2321,696
1810,1203,12291,2113,12774
1811,1203,12774,2113,13330
1812,2113,12291,2628,12774
1813,9902,7326,11177,8428
1814,9902,8428,11177,9915
1815,11177,7326,12058,8428
1816,0,9915,818,11159
1817,0,11159,818,12412
1818,818,9915,2221,11159
1819,9902,17803,10658,18194
1820,9902,18194,10658,19282
1821,10658,17803,10916,18194
1822,12161,11568,12615,11865
1823,12161,11865,12615,12675
1824,12615,11568,13259,11865
1825,18910,0,19235,1231
1826,18910,1231,19235,1719
1827,19235,0,20000,1231
1828,16044,9915,17054,10297
1829,16044,10297,17054,11264
1830,17054,9915,17594,10297
1831,7557,11099,8424,12234
1832,7557,12234,8424,12717
1833,8424,11099,8767,12234
1834,3715,0,4426,872
1835,3715,872,4426,1197
1836,4426,0,4841,872
1837,0,7893,1087,8562
1838,0,8562,1087,9915
1839,1087,7893,2380,8562
1840,3715,0,4033,211
1841,3715,211,4033,1197
1842,4033,0,4841,211
1843,0,15102,662,16795
1844,0,16795,662,17721
1845,662,15102,1924,16795
1846,0,7274,803,8228
1847,0,8228,803,9915
1848,803,7274,2236,8228
1849,0,15170,2450,17802
1850,0,17802,2450,20000
1851,2450,15170,4689,17802
1852,7282,0,8593,1512
1853,7282,1512,8593,2489
1854,8593,0,9902,1512
1855,2785,0,3795,306
1856,2785,306,3795,1404
1857,3795,0,4160,306
1858,4592,11021,5572,12341
1859,4592,12341,5572,12863
1860,5572,11021,5905,12341
1861,9902,5130,11194,6055
1862,9902,6055,11194,7326
1863,11194,5130,12058,6055
1864,918,0,1633,275
1865,918,275,1633,1343
1866,1633,0,2060,275
1867,2242,1224,2693,1680
1868,2242,1680,2693,2550
1869,2693,1224,3576,1680
1870,9902,15218,10853,15753
1871,9902,15753,10853,16252
1872,10853,15218,11309,15753
1873,7112,11212,7688,11782
1874,7112,11782,7688,12863
1875,7688,11212,8721,11782
1876,0,2423,951,3560
1877,0,3560,951,4613
1878,951,2423,2321,3560
1879,2815,9915,3579,10743
1880,2815,10743,3579,10918
1881,3579,9915,3865,10743
1882,17594,9915,18541,11188
1883,17594,11188,18541,12247
1884,18541,9915,20000,11188
1885,0,7069,700,8731
1886,0,8731,700,9915
1887,700,7069,2190,8731
1888,700,7069,1304,7654
1889,700,7654,1304,8731
1890,1304,7069,2190,7654
1891,9902,5933,10688,6971
1892,9902,6971,10688,7513
1893,10688,5933,11192,6971
1894,14860,7456,15779,8805
1895,14860,8805,15779,9915
1896,15779,7456,17083,8805
1897,2271,4613,3382,5951
1898,2271,5951,3382,6504
1899,3382,4613,3928,5951
1900,11287,15218,11881,16310
1901,11287,16310,11881,16753
1902,11881,15218,12699,16310
1903,0,17497,1389,18356
1904,0,18356,1389,20000
1905,1389,17497,2246,18356
1906,8900,9915,9450,10922
1907,8900,10922,9450,11371
1908,9450,9915,9902,10922
1909,15755,15218,16785,15930
1910,15755,15930,16785,16647
1911,16785,15218,17398,15930
1912,9902,17803,10095,18672
1913,9902,18672,10095,19282
1914,10095,17803,10916,18672
1915,5187,12103,5777,12343
1916,5187,12343,5777,13159
1917,5777,12103,6523,12343
1918,14792,17901,16001,19329
1919,14792,19329,16001,20000
1920,16001,17901,17398,19329
1921,818,9915,1743,10477
1922,818,10477,1743,11159
1923,1743,9915,2221,10477
1924,0,0,755,635
1925,0,635,755,1224
1926,755,0,1055,635
1927,987,4613,1255,5275
1928,987,5275,1255,6333
1929,1255,4613,2271,5275
1930,0,7893,1351,8837
1931,0,8837,1351,9915
1932,1351,7893,2380,8837
1933,4592,12205,6184,13444
1934,4592,13444,6184,15102
1935,6184,12205,7198,13444
1936,9902,9915,10746,10773
1937,9902,10773,10746,11361
1938,10746,9915,11381,10773
1939,0,4699,560,5189
1940,0,5189,560,5860
1941,560,4699,1497,5189
1942,9902,11361,10548,11806
1943,9902,11806,10548,12887
1944,10548,11361,11381,11806
1945,9902,15218,10876,15906
1946,9902,15906,10876,16753
1947,10876,15218,11287,15906
1948,6097,0,6992,444
1949,6097,444,6992,1281
1950,6992,0,7238,444
1951,7557,11099,8206,11851
1952,7557,11851,8206,12717
1953,8206,11099,8767,11851
1954,2246,15170,3323,16584
1955,2246,16584,3323,17497
1956,3323,15170,4689,16584
1957,4592,10819,5278,11557
1958,4592,11557,5278,12205
1959,5278,10819,5913,11557
1960,0,9915,727,10904
1961,0,10904,727,11267
1962,727,9915,1571,10904
1963,8899,9915,9742,10555
1964,8899,10555,9742,11096
1965,9742,9915,9902,10555
1966,12665,5130,13299,5847
1967,12665,5847,13299,6624
1968,13299,5130,13903,5847
1969,9902,0,12296,2355
1970,9902,2355,12296,5130
1971,12296,0,14860,2355
1972,12161,11203,12935,12279
1973,12161,12279,12935,12675
1974,12935,11203,13527,12279
1975,0,5860,801,6758
1976,0,6758,801,7514
1977,801,5860,1497,6758
1978,0,4699,1129,6133
1979,0,6133,1129,7359
1980,1129,4699,2072,6133
1981,7282,0,7911,909
1982,7282,909,7911,1512
1983,7911,0,8593,909
1984,14792,9915,16450,11109
1985,14792,11109,16450,12802
1986,16450,9915,17690,11109
1987,3355,15170,4347,15646
1988,3355,15646,4347,16314
1989,4347,15170,4689,15646
1990,5187,9915,6158,11005
1991,5187,11005,6158,12103
1992,6158,9915,7779,11005
1993,13749,9915,14141,10681
1994,13749,10681,14141,11094
1995,14141,9915,14792,10681
1996,1078,7893,2032,8189
1997,1078,8189,2032,9261
1998,2032,7893,2380,8189
1999,7475,1116,8304,1759
2000,7475,1759,8304,2472
2001,8304,1116,8854,1759
2002,832,0,1773,886
2003,832,886,1773,1344
2004,1773,0,2060,886
2005,0,1109,1157,1613
2006,0,1613,1157,2601
2007,1157,1109,1598,1613
2008,14792,9915,15969,10498
2009,14792,10498,15969,11024
2010,15969,9915,16502,10498
2011,2242,1268,2521,1509
2012,2242,1509,2521,2550
2013,2521,1268,3530,1509
2014,12165,9915,13577,11613
2015,12165,11613,13577,12857
2016,13577,9915,14792,11613
2017,10898,12887,12183,13349
2018,10898,13349,12183,14160
2019,12183,12887,12684,13349
2020,14792,11024,15892,12308
2021,14792,12308,15892,12802
2022,15892,11024,16502,12308
2023,17083,5130,17481,5317
2024,17083,5317,17481,6132
2025,17481,5130,18295,5317
2026,4841,2489,6243,3558
2027,4841,3558,6243,4699
2028,6243,2489,7282,3558
2029,4592,12863,5166,12999
2030,4592,12999,5166,13917
2031,5166,12863,6086,12999
2032,17690,11050,17931,11711
2033,17690,11711,17931,12802
2034,17931,11050,18852,11711
2035,2242,0,3800,1236
2036,2242,1236,3800,2550
2037,3800,0,4806,1236
2038,4592,9915,5236,10777
2039,4592,10777,5236,11021
2040,5236,9915,5905,10777
2041,0,4672,1123,5755
2042,0,5755,1123,7274
2043,1123,4672,2236,5755
2044,4689,12481,6299,13820
2045,4689,13820,6299,15170
2046,6299,12481,7126,13820
2047,1203,12291,1636,12671
2048,1203,12671,1636,13330
2049,1636,12291,2628,12671
2050,9902,5130,11101,6012
2051,9902,6012,11101,7513
2052,11101,5130,12665,6012
2053,7198,9915,8583,11213
2054,7198,11213,8583,12205
2055,8583,9915,9902,11213
2056,4931,2179,6442,3418
2057,4931,3418,6442,5135
2058,6442,2179,7189,3418
2059,14792,11109,15471,11869
2060,14792,11869,15471,12802
2061,15471,11109,16450,11869
2062,11264,12887,11726,13788
2063,11264,13788,11726,13945
2064,11726,12887,12684,13788
2065,7557,11099,8345,12058
2066,7557,12058,8345,12717
2067,8345,11099,8767,12058
2068,14792,11095,15516,11465
2069,14792,11465,15516,12247
2070,15516,11095,16575,11465
2071,14860,0,15752,899
2072,14860,899,15752,1113
2073,15752,0,16225,899
2074,7189,0,8656,770
2075,7189,770,8656,2179
2076,8656,0,9902,770
2077,4841,0,7695,2238
2078,4841,2238,7695,4699
2079,7695,0,9902,2238
2080,11467,9915,12057,11099
2081,11467,11099,12057,11511
2082,12057,9915,12684,11099
2083,9902,11577,10695,12431
2084,9902,12431,10695,12887
2085,10695,11577,11600,12431
2086,2088,4613,2985,5309
2087,2088,5309,2985,6110
2088,2985,4613,3107,5309
2089,0,0,2715,2529
2090,0,2529,2715,5135
2091,2715,0,4931,2529
2092,2815,9915,3807,10718
2093,2815,10718,3807,12092
2094,3807,9915,5187,10718
2095,18910,0,19520,1205
2096,18910,1205,19520,1719
2097,19520,0,20000,1205
2098,0,9915,892,11218
2099,0,11218,892,12894
2100,892,9915,2290,11218
2101,0,3559,1070,4140
2102,0,4140,1070,4672
2103,1070,3559,1734,4140
2104,7126,11072,8169,11613
2105,7126,11613,8169,12481
2106,8169,11072,8555,11613
2107,4689,12481,5720,13159
2108,4689,13159,5720,13820
2109,5720,12481,6299,13159
2110,1261,4672,1892,5575
2111,1261,5575,1892,5729
2112,1892,4672,2681,5575
2113,9902,12887,11076,13788
2114,9902,13788,11076,14137
2115,11076,12887,11545,13788
2116,14792,18648,15146,19048
2117,14792,19048,15146,20000
2118,15146,18648,16266,19048
2119,0,15695,1178,16285
2120,0,16285,1178,17030
2121,1178,15695,1647,16285
2122,17398,16621,18326,17592
2123,17398,17592,18326,17901
2124,18326,16621,18821,17592
2125,7282,0,7917,620
2126,7282,620,7917,1155
2127,7917,0,8679,620
2128,14860,2217,15846,3788
2129,14860,3788,15846,5130
2130,15846,2217,17055,3788
2131,0,17501,963,18712
2132,0,18712,963,20000
2133,963,17501,2158,18712
2134,2725,4699,3693,6170
2135,2725,6170,3693,7514
2136,3693,4699,4841,6170
2137,17083,6295,18247,6754
2138,17083,6754,18247,7456
2139,18247,6295,18636,6754
2140,5187,13596,5839,14276
2141,5187,14276,5839,14621
2142,5839,13596,6240,14276
2143,12296,0,13757,952
2144,12296,952,13757,2355
2145,13757,0,14860,952
2146,2190,4613,2487,5132
2147,2190,5132,2487,6000
2148,2487,4613,3377,5132
2149,3107,4613,4160,5505
2150,3107,5505,4160,6110
2151,4160,4613,4806,5505
2152,9902,2413,11112,3864
2153,9902,3864,11112,5130
2154,11112,2413,12159,3864
2155,0,9915,896,10879
2156,0,10879,896,12412
2157,896,9915,2221,10879
2158,5868,9915,6845,10946
2159,5868,10946,6845,11460
2160,6845,9915,7557,10946
2161,0,10810,421,11779
2162,0,11779,421,12092
2163,421,10810,1129,11779
2164,4841,0,7296,2361
2165,4841,2361,7296,4699
2166,7296,0,9902,2361
2167,14792,9915,15926,11226
2168,14792,11226,15926,12296
2169,15926,9915,17576,11226
2170,7176,9915,8713,10906
2171,7176,10906,8713,12457
2172,8713,9915,9902,10906
2173,16575,9915,17236,10443
2174,16575,10443,17236,11095
2175,17236,9915,17594,10443
2176,17595,9915,18928,11291
2177,17595,11291,18928,12725
2178,18928,9915,20000,11291
2179,9902,17803,10482,18548
2180,9902,18548,10482,19282
2181,10482,17803,10916,18548
2182,9902,14137,10433,14624
2183,9902,14624,10433,15218
2184,10433,14137,11545,14624
2185,1579,0,1960,747
2186,1579,747,1960,1062
2187,1960,0,2785,747
2188,12161,11454,13099,11671
2189,12161,11671,13099,12675
2190,13099,11454,13577,11671
2191,0,5135,1095,6180
2192,0,6180,1095,7444
2193,1095,5135,2806,6180
2194,0,7069,355,7856
2195,0,7856,355,8537
2196,355,7069,1492,7856
2197,818,9915,1164,10231
2198,818,10231,1164,11159
2199,1164,9915,2221,10231
2200,9902,0,12505,2272
2201,9902,2272,12505,5060
2202,12505,0,14851,2272
2203,0,5986,228,6755
2204,0,6755,228,7650
2205,228,5986,1097,6755
2206,0,7650,1193,8421
2207,0,8421,1193,9915
2208,1193,7650,2271,8421
2209,14860,7456,16099,8946
2210,14860,8946,16099,9915
2211,16099,7456,17083,8946
2212,4592,13311,5407,14094
2213,4592,14094,5407,15102
2214,5407,13311,5963,14094
2215,0,4613,2135,6888
2216,0,6888,2135,9915
2217,2135,4613,4806,6888
2218,5187,9915,6780,10803
2219,5187,10803,6780,12103
2220,6780,9915,7779,10803
2221,14792,11174,15302,12005
2222,14792,12005,15302,12725
2223,15302,11174,16334,12005
2224,4592,9915,7451,12816
2225,4592,12816,7451,15102
2226,7451,9915,9902,12816
2227,976,7359,1327,7933
2228,976,7933,1327,8590
2229,1327,7359,2072,7933
2230,0,7893,179,8730
2231,0,8730,179,9261
2232,179,7893,1078,8730
2233,4689,9915,7573,12823
2234,4689,12823,7573,15170
2235,7573,9915,9902,12823
2236,4931,0,5669,1319
2237,4931,1319,5669,2179
2238,5669,0,7189,1319
2239,2246,16314,2475,16775
2240,2246,16775,2475,17497
2241,2475,16314,3355,16775
2242,0,9915,828,11010
2243,0,11010,828,12894
2244,828,9915,2290,11010
2245,7112,9915,7845,10857
2246,7112,10857,7845,11209
2247,7845,9915,8235,10857
2248,9902,17534,11334,18453
2249,9902,18453,11334,20000
2250,11334,17534,12699,18453
2251,8312,9915,9045,10955
2252,8312,10955,9045,11379
2253,9045,9915,9902,10955
2254,1063,2423,1345,3020
2255,1063,3020,1345,3819
2256,1345,2423,2321,3020
2257,0,4699,906,5652
2258,0,5652,906,7359
2259,906,4699,2072,5652
2260,0,9915,4758,15108
2261,0,15108,4758,20000
2262,4758,9915,9902,15108
2263,12161,11670,12651,12015
2264,12161,12015,12651,12675
2265,12651,11670,13172,12015
2266,7557,11099,8182,12056
2267,7557,12056,8182,12717
2268,8182,11099,8767,12056
2269,17595,9915,18478,10165
2270,17595,10165,18478,11133
2271,18478,9915,18613,10165
2272,5903,9915,6675,10493
2273,5903,10493,6675,11280
2274,6675,9915,7198,10493
2275,14792,15218,15536,16340
2276,14792,16340,15536,16937
2277,15536,15218,16411,16340
2278,11545,12887,11987,13412
2279,11545,13412,11987,14137
2280,11987,12887,12684,13412
2281,13425,15218,14444,15886
2282,13425,15886,14444,16257
2283,14444,15218,14792,15886
2284,17576,9915,19094,11353
2285,17576,11353,19094,12296
2286,19094,9915,20000,11353
2287,17594,9915,18578,10591
2288,17594,10591,18578,11406
2289,18578,9915,18995,10591
2290,14792,9915,16327,11522
2291,14792,11522,16327,12725
2292,16327,9915,17595,11522
2293,9902,0,11098,895
2294,9902,895,11098,2272
2295,11098,0,12505,895
2296,0,8381,770,9082
2297,0,9082,770,9915
2298,770,8381,1012,9082
2299,0,0,2185,2037
2300,0,2037,2185,4613
2301,2185,0,4806,2037
2302,14792,9915,17757,12167
2303,14792,12167,17757,15218
2304,17757,9915,20000,12167
2305,4841,0,5824,1439
2306,4841,1439,5824,2361
2307,5824,0,7296,1439
2308,0,2542,333,3201
2309,0,3201,333,3707
2310,333,2542,1184,3201
2311,4592,9915,4952,10183
2312,4592,10183,4952,10955
2313,4952,9915,5968,10183
2314,2088,4613,2834,5544
2315,2088,5544,2834,6110
2316,2834,4613,3107,5544
2317,0,9915,2309,12654
2318,0,12654,2309,15108
2319,2309,9915,4758,12654
2320,0,2423,878,3246
2321,0,3246,878,4613
2322,878,2423,2321,3246
2323,2480,15102,3091,16024
2324,2480,16024,3091,16280
2325,3091,15102,3705,16024
2326,7235,0,8718,914
2327,7235,914,8718,2500
2328,8718,0,9902,914
2329,12505,0,13936,1338
2330,12505,1338,13936,2272
2331,13936,0,14851,1338
2332,7235,0,8346,1507
2333,7235,1507,8346,2500
2334,8346,0,9902,1507
2335,4931,2179,6172,3918
2336,4931,3918,6172,5135
2337,6172,2179,7189,3918
2338,4689,9915,5059,10693
2339,4689,10693,5059,11583
2340,5059,9915,5881,10693
2341,0,17721,1193,19036
2342,0,19036,1193,20000
2343,1193,17721,1924,19036
2344,2815,10918,3194,11487
2345,2815,11487,3194,12092
2346,3194,10918,3865,11487
2347,7198,10879,7922,11714
2348,7198,11714,7922,12205
2349,7922,10879,8489,11714
2350,8679,0,9492,955
2351,8679,955,9492,1155
2352,9492,0,9902,955
2353,0,0,1772,1273
2354,0,1273,1772,2601
2355,1772,0,2785,1273
2356,7557,11099,8021,12257
2357,7557,12257,8021,12717
2358,8021,11099,8767,12257
2359,4841,2500,5509,3443
2360,4841,3443,5509,3836
2361,5509,2500,6079,3443
2362,951,2423,1445,2592
2363,951,2592,1445,3560
2364,1445,2423,2321,2592
2365,9902,16051,10367,16488
2366,9902,16488,10367,17534
2367,10367,16051,11319,16488
2368,0,12654,1094,13947
2369,0,13947,1094,15108
2370,1094,12654,2309,13947
2371,15923,9915,17094,10840
2372,15923,10840,17094,11011
2373,17094,9915,17690,10840
2374,15892,12725,16981,13486
2375,15892,13486,16981,14132
2376,16981,12725,17595,13486
2377,0,2378,1249,3408
2378,0,3408,1249,4699
2379,1249,2378,2767,3408
2380,7112,11209,7803,12198
2381,7112,12198,7803,12863
2382,7803,11209,8235,12198
2383,2236,4672,3872,5792
2384,2236,5792,3872,7274
2385,3872,4672,5060,5792
2386,778,0,1569,491
2387,778,491,1569,1151
2388,1569,0,2321,491
2389,0,2542,854,2702
2390,0,2702,854,3599
2391,854,2542,1232,2702
2392,13475,15218,14064,15929
2393,13475,15929,14064,16237
2394,14064,15218,14792,15929
2395,1054,2378,2170,3260
2396,1054,3260,2170,3518
2397,2170,2378,2767,3260
2398,7198,10879,7830,11450
2399,7198,11450,7830,12205
2400,7830,10879,8489,11450
2401,0,4613,831,5220
2402,0,5220,831,6267
2403,831,4613,1063,5220
2404,16120,9915,17068,10581
2405,16120,10581,17068,11138
2406,17068,9915,17595,10581
2407,0,2542,257,3415
2408,0,3415,257,3707
2409,257,2542,1184,3415
2410,12161,11203,12882,11964
2411,12161,11964,12882,12675
2412,12882,11203,13527,11964
2413,4689,9915,5334,10377
2414,4689,10377,5334,11583
2415,5334,9915,5881,10377
2416,9902,17534,11421,18827
2417,9902,18827,11421,20000
2418,11421,17534,12699,18827
2419,4592,11127,5811,12292
2420,4592,12292,5811,12863
2421,5811,11127,6245,12292
2422,7557,9915,8784,10918
2423,7557,10918,8784,12717
2424,8784,9915,9902,10918
2425,5187,9915,5979,11345
2426,5187,11345,5979,12589
2427,5979,9915,7416,11345
2428,17517,0,18894,1641
2429,17517,1641,18894,2759
2430,18894,0,20000,1641
2431,7112,9915,7995,10473
2432,7112,10473,7995,11209
2433,7995,9915,8235,10473
2434,892,9915,1738,10850
2435,892,10850,1738,11218
2436,1738,9915,2290,10850
2437,0,15170,1613,16462
2438,0,16462,1613,17802
2439,1613,15170,2450,16462
2440,0,15170,2287,17884
2441,0,17884,2287,20000
2442,2287,15170,4689,17884
2443,4841,0,6194,1192
2444,4841,1192,6194,2472
2445,6194,0,7475,1192
2446,17517,0,18694,1304
2447,17517,1304,18694,2759
2448,18694,0,20000,1304
2449,14792,9915,15908,10820
2450,14792,10820,15908,11109
2451,15908,9915,16450,10820
2452,2954,14621,3885,15541
2453,2954,15541,3885,17030
2454,3885,14621,5187,15541
2455,2246,15170,2584,15583
2456,2246,15583,2584,16584
2457,2584,15170,3323,15583
2458,9902,11577,10642,11973
2459,9902,11973,10642,12887
2460,10642,11577,11600,11973
2461,2785,306,3045,907
2462,2785,907,3045,1404
2463,3045,306,3795,907
2464,14792,9915,15766,10777
2465,14792,10777,15766,11174
2466,15766,9915,16334,10777
2467,9902,9915,10679,10208
2468,9902,10208,10679,11227
2469,10679,9915,11112,10208
2470,17517,0,18364,463
2471,17517,463,18364,1641
2472,18364,0,18894,463
2473,1012,7359,1585,7571
2474,1012,7571,1585,8381
2475,1585,7359,2072,7571
2476,0,0,551,318
2477,0,318,551,1273
2478,551,0,1772,318
2479,0,0,1326,1232
2480,0,1232,1326,2037
2481,1326,0,2185,1232
2482,0,9915,630,10353
2483,0,10353,630,11546
2484,630,9915,1446,10353
2485,5187,9915,6004,11528
2486,5187,11528,6004,12457
2487,6004,9915,7176,11528
2488,14792,9915,15620,10936
2489,14792,10936,15620,11226
2490,15620,9915,15926,10936
2491,5187,12103,6191,12239
2492,5187,12239,6191,13159
2493,6191,12103,6523,12239
2494,7296,0,8298,958
2495,7296,958,8298,2361
2496,8298,0,9902,958
2497,2450,15170,3851,16667
2498,2450,16667,3851,17802
2499,3851,15170,4689,16667
2500,2290,9915,3206,11247
2501,2290,11247,3206,12894
2502,3206,9915,4689,11247
2503,14792,9915,16300,11134
2504,14792,11134,16300,12667
2505,16300,9915,17389,11134
2506,0,15170,1176,16585
2507,0,16585,1176,17802
2508,1176,15170,2450,16585
2509,14792,12247,15592,13075
2510,14792,13075,15592,13629
2511,15592,12247,15892,13075
2512,2271,6504,3408,7360
2513,2271,7360,3408,7650
2514,3408,6504,3928,7360
2515,5060,0,5394,622
2516,5060,622,5394,1281
2517,5394,0,6097,622
2518,0,8894,422,9606
2519,0,9606,422,9915
2520,422,8894,1320,9606
2521,7695,0,9113,727
2522,7695,727,9113,2238
2523,9113,0,9902,727
2524,1094,12654,2017,13365
2525,1094,13365,2017,13947
2526,2017,12654,2309,13365
2527,9902,0,12383,2625
2528,9902,2625,12383,5130
2529,12383,0,14860,2625
2530,17690,11050,18122,12002
2531,17690,12002,18122,12802
2532,18122,11050,18852,12002
2533,9902,5130,11267,5969
2534,9902,5969,11267,7326
2535,11267,5130,12058,5969
2536,16450,9915,17255,10404
2537,16450,10404,17255,11109
2538,17255,9915,17690,10404
2539,5868,9915,6696,10826
2540,5868,10826,6696,11460
2541,6696,9915,7557,10826
2542,15892,12247,16649,13336
2543,15892,13336,16649,13629
2544,16649,12247,17594,13336
2545,16327,9915,16824,11118
2546,16327,11118,16824,11522
2547,16824,9915,17595,11118
2548,0,14621,1153,15169
2549,0,15169,1153,15695
2550,1153,14621,1647,15169
2551,4592,13809,4768,14216
2552,4592,14216,4768,15102
2553,4768,13809,5744,14216
2554,0,15102,1936,17717
2555,0,17717,1936,20000
2556,1936,15102,4592,17717
2557,9902,8427,10550,8959
2558,9902,8959,10550,9915
2559,10550,8427,11666,8959
2560,14792,15218,15551,15725
2561,14792,15725,15551,16937
2562,15551,15218,16411,15725
2563,18910,0,19806,978
2564,18910,978,19806,1719
2565,19806,0,20000,978
2566,5187,9915,7939,11956
2567,5187,11956,7939,14621
2568,7939,9915,9902,11956
2569,4592,11127,5200,11413
2570,4592,11413,5200,12292
2571,5200,11127,5811,11413
2572,14792,9915,15734,10283
2573,14792,10283,15734,11134
2574,15734,9915,16300,10283
2575,7557,9915,8287,10759
2576,7557,10759,8287,10918
2577,8287,9915,8784,10759
2578,14792,11552,15087,11988
2579,14792,11988,15087,12802
2580,15087,11552,15988,11988
2581,17398,16621,18461,17512
2582,17398,17512,18461,17901
2583,18461,16621,18821,17512
2584,1936,15102,3590,16329
2585,1936,16329,3590,17717
2586,3590,15102,4592,16329
2587,0,7444,1567,8541
2588,0,8541,1567,9915
2589,1567,7444,2806,8541
2590,7112,11371,8039,11887
2591,7112,11887,8039,12863
2592,8039,11371,8900,11887
2593,7573,9915,8641,11577
2594,7573,11577,8641,12823
2595,8641,9915,9902,11577
2596,0,16585,548,17518
2597,0,17518,548,17802
2598,548,16585,1176,17518
2599,9902,9915,10901,10409
2600,9902,10409,10901,11511
2601,10901,9915,11467,10409
2602,17595,9915,18397,10491
2603,17595,10491,18397,11291
2604,18397,9915,18928,10491
2605,9902,15218,11081,16290
2606,9902,16290,11081,17430
2607,11081,15218,12591,16290
2608,5881,9915,6740,10990
2609,5881,10990,6740,11583
2610,6740,9915,7126,10990
2611,0,12654,939,12930
2612,0,12930,939,13947
2613,939,12654,1094,12930
2614,9902,16137,10645,16989
2615,9902,16989,10645,17534
2616,10645,16137,11483,16989
2617,1261,4672,1862,5588
2618,1261,5588,1862,5729
2619,1862,4672,2681,5588
2620,0,14621,1180,15779
2621,0,15779,1180,17030
2622,1180,14621,2954,15779
2623,14792,9915,15319,10067
2624,14792,10067,15319,11011
2625,15319,9915,15923,10067
2626,16327,9915,17310,10799
2627,16327,10799,17310,11522
2628,17310,9915,17595,10799
2629,830,15170,1288,15441
2630,830,15441,1288,16247
2631,1288,15170,2246,15441
2632,17055,0,18807,1393
2633,17055,1393,18807,2217
2634,18807,0,20000,1393
2635,13425,15218,14444,15525
2636,13425,15525,14444,16257
2637,14444,15218,14792,15525
2638,0,17629,1226,18416
2639,0,18416,1226,20000
2640,1226,17629,2480,18416
2641,0,12291,1604,13241
2642,0,13241,1604,14621
2643,1604,12291,2628,13241
2644,12159,0,13324,1410
2645,12159,1410,13324,2413
2646,13324,0,14860,1410
2647,3378,0,3770,461
2648,3378,461,3770,1461
2649,3770,0,4806,461
2650,11264,12887,12281,13744
2651,11264,13744,12281,13945
2652,12281,12887,12684,13744
2653,5060,0,7294,2137
2654,5060,2137,7294,4672
2655,7294,0,9902,2137
2656,9902,11361,11013,12241
2657,9902,12241,11013,12887
2658,11013,11361,11381,12241
2659,4592,9915,5780,11123
2660,4592,11123,5780,12205
2661,5780,9915,7198,11123
2662,4592,9915,5423,10759
2663,4592,10759,5423,11700
2664,5423,9915,5955,10759
2665,0,0,872,830
2666,0,830,872,1653
2667,872,0,1344,830
2668,0,5135,585,5543
2669,0,5543,585,6180
2670,585,5135,1095,5543
2671,14792,11064,15298,11868
2672,14792,11868,15298,12247
2673,15298,11064,16528,11868
2674,0,2037,903,3449
2675,0,3449,903,4613
2676,903,2037,2185,3449
2677,2628,11251,3203,12136
2678,2628,12136,3203,12291
2679,3203,11251,3697,12136
2680,0,15102,1394,16762
2681,0,16762,1394,17629
2682,1394,15102,2480,16762
2683,0,17497,949,18378
2684,0,18378,949,20000
2685,949,17497,2246,18378
2686,0,17717,1117,18566
2687,0,18566,1117,20000
2688,1117,17717,1936,18566
2689,14860,7456,15792,8395
2690,14860,8395,15792,9915
2691,15792,7456,17083,8395
2692,5955,9915,6544,10702
2693,5955,10702,6544,11700
2694,6544,9915,7112,10702
2695,0,6180,479,6697
2696,0,6697,479,7444
2697,479,6180,1095,6697
2698,11081,15218,12120,16108
2699,11081,16108,12120,16290
2700,12120,15218,12591,16108
2701,5868,9915,6447,10979
2702,5868,10979,6447,11460
2703,6447,9915,7557,10979
2704,2271,4613,3100,5500
2705,2271,5500,3100,6504
2706,3100,4613,3928,5500
2707,2072,4699,3191,5949
2708,2072,5949,3191,7359
2709,3191,4699,4841,5949
2710,7695,0,8848,1070
2711,7695,1070,8848,2238
2712,8848,0,9902,1070
2713,12161,9915,13170,10517
2714,12161,10517,13170,11454
2715,13170,9915,13577,10517
2716,4592,11127,5088,12346
2717,4592,12346,5088,12863
2718,5088,11127,6245,12346
2719,17398,17901,18290,18135
2720,17398,18135,18290,19067
2721,18290,17901,19081,18135
2722,7235,0,7789,1049
2723,7235,1049,7789,1507
2724,7789,0,8346,1049
2725,7475,0,8305,954
2726,7475,954,8305,1116
2727,8305,0,8854,954
2728,9902,2272,11074,3555
2729,9902,3555,11074,5060
2730,11074,2272,12505,3555
2731,4592,9915,5134,10500
2732,4592,10500,5134,11280
2733,5134,9915,5903,10500
2734,4592,12205,5249,13046
2735,4592,13046,5249,13311
2736,5249,12205,5963,13046
2737,0,9915,761,10992
2738,0,10992,761,11546
2739,761,9915,1446,10992
2740,6194,0,6809,619
2741,6194,619,6809,1192
2742,6809,0,7475,619
2743,6523,12103,6870,12938
2744,6523,12938,6870,13159
2745,6870,12103,7779,12938
2746,1063,4613,1347,5812
2747,1063,5812,1347,6267
2748,1347,4613,2088,5812
2749,0,8255,941,9196
2750,0,9196,941,9915
2751,941,8255,1153,9196
2752,4841,0,6214,1367
2753,4841,1367,6214,2361
2754,6214,0,7296,1367
2755,18541,9915,19224,10895
2756,18541,10895,19224,11188
2757,19224,9915,20000,10895
2758,2072,4699,3292,6211
2759,2072,6211,3292,7359
2760,3292,4699,4841,6211
2761,3693,4699,4534,5491
2762,3693,5491,4534,6170
2763,4534,4699,4841,5491
2764,8346,0,9425,368
2765,8346,368,9425,1507
2766,9425,0,9902,368
2767,0,2423,1370,3676
2768,0,3676,1370,4613
2769,1370,2423,2321,3676
2770,7112,11711,7292,12365
2771,7112,12365,7292,12863
2772,7292,11711,8201,12365
2773,9902,7326,10807,8754
2774,9902,8754,10807,9915
2775,10807,7326,12058,8754
2776,7557,11541,8319,12219
2777,7557,12219,8319,12717
2778,8319,11541,8616,12219
2779,0,5135,2413,7644
2780,0,7644,2413,9915
2781,2413,5135,4931,7644
2782,12161,9915,12958,10958
2783,12161,10958,12958,11596
2784,12958,9915,13781,10958
2785,18636,5130,19529,5423
2786,18636,5423,19529,6295
2787,19529,5130,20000,5423
2788,0,15170,611,15507
2789,0,15507,611,16462
2790,611,15170,1613,15507
2791,8679,0,9219,625
2792,8679,625,9219,1155
2793,9219,0,9902,625
2794,4841,2489,5614,3378
2795,4841,3378,5614,3558
2796,5614,2489,6243,3378
2797,5060,2479,5872,3606
2798,5060,3606,5872,4672
2799,5872,2479,7238,3606
2800,14860,2217,15873,3283
2801,14860,3283,15873,5130
2802,15873,2217,17055,3283
2803,9902,15218,12477,17964
2804,9902,17964,12477,20000
2805,12477,15218,14792,17964
2806,3098,4613,3758,5320
2807,3098,5320,3758,5857
2808,3758,4613,4806,5320
2809,12161,11454,13229,11918
2810,12161,11918,13229,12675
2811,13229,11454,13577,11918
2812,4592,11135,5695,11613
2813,4592,11613,5695,12205
2814,5695,11135,6105,11613
2815,13475,15218,13981,15605
2816,13475,15605,13981,16237
2817,13981,15218,14792,15605
2818,0,17497,870,19063
2819,0,19063,870,20000
2820,870,17497,2246,19063
2821,1063,2423,1600,2976
2822,1063,2976,1600,3819
2823,1600,2423,2321,2976
2824,0,7650,812,7929
2825,0,7929,812,8792
2826,812,7650,1269,7929
2827,4592,9915,6186,11530
2828,4592,11530,6186,12863
2829,6186,9915,7112,11530
2830,7695,727,8115,1186
2831,7695,1186,8115,2238
2832,8115,727,9113,1186
2833,6243,2489,6993,2705
2834,6243,2705,6993,3558
2835,6993,2489,7282,2705
2836,0,10810,375,11727
2837,0,11727,375,12092
2838,375,10810,1129,11727
2839,9902,16252,10295,16948
2840,9902,16948,10295,17534
2841,10295,16252,11309,16948
2842,892,9915,1770,10538
2843,892,10538,1770,11218
2844,1770,9915,2290,10538
2845,0,5729,798,6132
2846,0,6132,798,7284
2847,798,5729,1261,6132
2848,4931,0,5908,1445
2849,4931,1445,5908,2179
2850,5908,0,7189,1445
2851,14792,17901,15912,18593
2852,14792,18593,15912,19208
2853,15912,17901,16490,18593
2854,0,15170,664,15523
2855,0,15523,664,16462
2856,664,15170,1613,15523
2857,11216,7513,12021,8480
2858,11216,8480,12021,8677
2859,12021,7513,12665,8480
2860,1567,7444,1820,8271
2861,1567,8271,1820,8541
2862,1820,7444,2806,8271
2863,0,0,965,644
2864,0,644,965,1653
2865,965,0,1344,644
2866,0,17687,987,18906
2867,0,18906,987,20000
2868,987,17687,2054,18906
2869,2681,4672,3616,6154
2870,2681,6154,3616,7284
2871,3616,4672,5060,6154
2872,7112,9915,7282,10624
2873,7112,10624,7282,11209
2874,7282,9915,8235,10624
2875,14792,9915,16020,11182
2876,14792,11182,16020,12247
2877,16020,9915,17594,11182
2878,14792,9915,15796,10874
2879,14792,10874,15796,11182
2880,15796,9915,16020,10874
2881,2767,0,4064,1058
2882,2767,1058,4064,2378
2883,4064,0,4841,1058
2884,7198,10879,7545,11699
2885,7198,11699,7545,12205
2886,7545,10879,8489,11699
2887,14792,16750,15584,17177
2888,14792,17177,15584,17901
2889,15584,16750,16055,17177
2890,6264,2472,7075,2965
2891,6264,2965,7075,3621
2892,7075,2472,7475,2965
2893,0,15779,838,16187
2894,0,16187,838,17030
2895,838,15779,1180,16187
2896,9902,11577,10740,12083
2897,9902,12083,10740,12887
2898,10740,11577,11600,12083
2899,0,7444,1366,8452
2900,0,8452,1366,9915
2901,1366,7444,2806,8452
2902,9902,12857,11225,14227
2903,9902,14227,11225,15218
2904,11225,12857,12165,14227
2905,0,7444,1361,8903
2906,0,8903,1361,9915
2907,1361,7444,2806,8903
2908,5950,9915,6994,10925
2909,5950,10925,6994,11185
2910,6994,9915,7416,10925
2911,0,3518,801,3764
2912,0,3764,801,4699
2913,801,3518,1054,3764
2914,4592,13311,5574,14488
2915,4592,14488,5574,15102
2916,5574,13311,5963,14488
2917,6523,12103,7201,12376
2918,6523,12376,7201,13159
2919,7201,12103,7779,12376
2920,4592,12717,5342,13256
2921,4592,13256,5342,14241
2922,5342,12717,6143,13256
2923,3296,5135,4143,6293
2924,3296,6293,4143,6653
2925,4143,5135,4931,6293
2926,4689,9915,6088,10926
2927,4689,10926,6088,12481
2928,6088,9915,7126,10926
2929,9902,15218,10363,15909
2930,9902,15909,10363,16252
2931,10363,15218,11309,15909
2932,2480,15102,3434,16638
2933,2480,16638,3434,17629
2934,3434,15102,4592,16638
2935,2815,9915,4098,10664
2936,2815,10664,4098,12092
2937,4098,9915,5187,10664
2938,0,4699,579,5112
2939,0,5112,579,5860
2940,579,4699,1497,5112
2941,0,0,2413,2109
2942,0,2109,2413,4672
2943,2413,0,5060,2109
2944,14792,9915,14980,10642
2945,14792,10642,14980,11011
2946,14980,9915,15923,10642
2947,5060,0,7221,2411
2948,5060,2411,7221,4672
2949,7221,0,9902,2411
2950,1078,7893,1973,8895
2951,1078,8895,1973,9261
2952,1973,7893,2380,8895
2953,3287,0,3990,427
2954,3287,427,3990,1228
2955,3990,0,4806,427
2956,10898,12887,11824,13676
2957,10898,13676,11824,14160
2958,11824,12887,12684,13676
2959,2242,1268,2869,1906
2960,2242,1906,2869,2550
2961,2869,1268,3530,1906
2962,14851,0,17580,2565
2963,14851,2565,17580,5060
2964,17580,0,20000,2565
2965,0,8792,586,9613
2966,0,9613,586,9915
2967,586,8792,1269,9613
2968,6079,2500,6423,2772
2969,6079,2772,6423,3836
2970,6423,2500,7235,2772
2971,9902,13945,10913,14799
2972,9902,14799,10913,15218
2973,10913,13945,11264,14799
2974,9902,17803,11476,18645
2975,9902,18645,11476,20000
2976,11476,17803,12686,18645
2977,1203,12291,1939,12454
2978,1203,12454,1939,13330
2979,1939,12291,2628,12454
2980,9902,12887,10863,13766
2981,9902,13766,10863,14435
2982,10863,12887,11081,13766
2983,0,13947,528,14627
2984,0,14627,528,15108
2985,528,13947,1094,14627
2986,9902,17704,11308,18764
2987,9902,18764,11308,20000
2988,11308,17704,12476,18764
2989,12476,15218,13523,16710
2990,12476,16710,13523,17704
2991,13523,15218,14792,16710
2992,9902,8427,11129,9008
2993,9902,9008,11129,9915
2994,11129,8427,11666,9008
2995,7176,9915,8188,10875
2996,7176,10875,8188,11096
2997,8188,9915,8899,10875
2998,17517,0,18914,1330
2999,17517,1330,18914,2759
3000,18914,0,20000,1330
3001,2271,4613,3148,4909
3002,2271,4909,3148,5915
3003,3148,4613,3348,4909
3004,11216,7513,11810,8042
3005,11216,8042,11810,8677
3006,11810,7513,12665,8042
3007,0,6888,1057,8195
3008,0,8195,1057,9915
3009,1057,6888,2135,8195
3010,0,9915,1724,11326
3011,0,11326,1724,12092
3012,1724,9915,2815,11326
3013,7112,11711,7718,12165
3014,7112,12165,7718,12863
3015,7718,11711,8201,12165
3016,5187,10803,5751,11407
3017,5187,11407,5751,12103
3018,5751,10803,6780,11407
3019,4592,9915,6103,11444
3020,4592,11444,6103,12863
3021,6103,9915,7112,11444
3022,9902,0,11220,1605
3023,9902,1605,11220,2413
3024,11220,0,12159,1605
3025,0,0,1165,1617
3026,0,1617,1165,2601
3027,1165,0,2785,1617
3028,1936,15102,2878,16108
3029,1936,16108,2878,17717
3030,2878,15102,4592,16108
3031,6523,12103,6957,12615
3032,6523,12615,6957,13159
3033,6957,12103,7779,12615
3034,0,9915,880,11009
3035,0,11009,880,12412
3036,880,9915,2221,11009
3037,9902,2272,10490,2631
3038,9902,2631,10490,3555
3039,10490,2272,11074,2631
3040,4931,3918,5230,4681
3041,4931,4681,5230,5135
3042,5230,3918,6172,4681
3043,0,8837,346,9482
3044,0,9482,346,9915
3045,346,8837,1351,9482
3046,14792,9915,15698,10743
3047,14792,10743,15698,11095
3048,15698,9915,16575,10743
3049,8641,9915,9200,10399
3050,8641,10399,9200,11577
3051,9200,9915,9902,10399
3052,18807,0,19511,369
3053,18807,369,19511,1393
3054,19511,0,20000,369
3055,14792,9915,15357,10490
3056,14792,10490,15357,11161
3057,15357,9915,16089,10490
3058,17055,0,17454,791
3059,17055,791,17454,1416
3060,17454,0,18253,791
3061,9902,18764,10572,19111
3062,9902,19111,10572,20000
3063,10572,18764,11308,19111
3064,0,9915,811,10940
3065,0,10940,811,12412
3066,811,9915,2221,10940
3067,9902,12887,10634,13530
3068,9902,13530,10634,14435
3069,10634,12887,11081,13530
3070,9902,5130,11109,6622
3071,9902,6622,11109,7513
3072,11109,5130,12665,6622
3073,7176,9915,8372,10651
3074,7176,10651,8372,11096
3075,8372,9915,8899,10651
3076,5303,2179,5461,2907
3077,5303,2907,5461,3261
3078,5461,2179,6379,2907
3079,9902,9915,10405,10594
3080,9902,10594,10405,11511
3081,10405,9915,11467,10594
3082,2271,4613,2919,5186
3083,2271,5186,2919,6504
3084,2919,4613,3928,5186
3085,2815,10918,3311,11375
3086,2815,11375,3311,12092
3087,3311,10918,3865,11375
3088,0,9915,1369,11625
3089,0,11625,1369,12894
3090,1369,9915,2290,11625
3091,0,5135,1415,6564
3092,0,6564,1415,7893
3093,1415,5135,2380,6564
3094,0,4672,1268,6153
3095,0,6153,1268,7284
3096,1268,4672,2681,6153
3097,14851,0,17571,2279
3098,14851,2279,17571,5060
3099,17571,0,20000,2279
3100,17083,6132,17792,6847
3101,17083,6847,17792,7456
3102,17792,6132,18295,6847
3103,14792,17901,15674,18465
3104,14792,18465,15674,19208
3105,15674,17901,16490,18465
3106,7112,9915,8369,11163
3107,7112,11163,8369,12863
3108,8369,9915,9902,11163
3109,4931,3418,5581,3933
3110,4931,3933,5581,5135
3111,5581,3418,6442,3933
3112,662,15102,1675,15837
3113,662,15837,1675,16795
3114,1675,15102,1924,15837
3115,17690,9915,18682,11348
3116,17690,11348,18682,12802
3117,18682,9915,20000,11348
3118,8900,9915,9331,10395
3119,8900,10395,9331,11371
3120,9331,9915,9902,10395
3121,14792,11161,15371,11865
3122,14792,11865,15371,12725
3123,15371,11161,16089,11865
3124,18983,9915,19447,10724
3125,18983,10724,19447,11338
3126,19447,9915,20000,10724
3127,7779,9915,8651,10964
3128,7779,10964,8651,12103
3129,8651,9915,9902,10964
3130,3107,4613,3956,5072
3131,3107,5072,3956,6110
3132,3956,4613,4806,5072
3133,4592,9915,5259,10198
3134,4592,10198,5259,11135
3135,5259,9915,6105,10198
3136,4841,1192,5658,1519
3137,4841,1519,5658,2472
3138,5658,1192,6194,1519
3139,6229,9915,7249,10349
3140,6229,10349,7249,11371
3141,7249,9915,7557,10349
3142,0,4672,612,5492
3143,0,5492,612,5729
3144,612,4672,1261,5492
3145,14792,17901,15325,18440
3146,14792,18440,15325,19208
3147,15325,17901,16490,18440
3148,12296,952,13197,1859
3149,12296,1859,13197,2355
3150,13197,952,13757,1859
3151,0,9915,2788,12421
3152,0,12421,2788,14692
3153,2788,9915,4829,12421
3154,3098,4613,3855,5016
3155,3098,5016,3855,5857
3156,3855,4613,4806,5016
3157,7221,0,8469,1162
3158,7221,1162,8469,2411
3159,8469,0,9902,1162
3160,0,8381,697,9492
3161,0,9492,697,9915
3162,697,8381,1012,9492
3163,14792,12725,15644,13037
3164,14792,13037,15644,14132
3165,15644,12725,15892,13037
3166,18462,9915,18929,10366
3167,18462,10366,18929,10972
3168,18929,9915,20000,10366
3169,1924,15102,3548,16418
3170,1924,16418,3548,17721
3171,3548,15102,4592,16418
3172,0,15102,1161,16302
3173,0,16302,1161,17717
3174,1161,15102,1936,16302
3175,15779,7456,16270,8333
3176,15779,8333,16270,8805
3177,16270,7456,17083,8333
3178,17517,1641,18298,1849
3179,17517,1849,18298,2759
3180,18298,1641,18894,1849
3181,5303,2179,6231,2411
3182,5303,2411,6231,3261
3183,6231,2179,6379,2411
3184,7112,11209,8048,12327
3185,7112,12327,8048,12863
3186,8048,11209,8235,12327
3187,17517,1641,18031,2150
3188,17517,2150,18031,2759
3189,18031,1641,18894,2150
3190,0,17884,1314,18650
3191,0,18650,1314,20000
3192,1314,17884,2287,18650
3193,4689,9915,5614,11000
3194,4689,11000,5614,12481
3195,5614,9915,7126,11000
3196,9902,5130,11184,6650
3197,9902,6650,11184,7513
3198,11184,5130,12665,6650
3199,0,6267,678,6424
3200,0,6424,678,7278
3201,678,6267,1063,6424
3202,0,0,2340,2543
3203,0,2543,2340,4699
3204,2340,0,4841,2543
3205,12476,15218,12792,16036
3206,12476,16036,12792,16710
3207,12792,15218,13523,16036
3208,2236,4672,3343,6081
3209,2236,6081,3343,7274
3210,3343,4672,5060,6081
3211,0,5986,160,6972
3212,0,6972,160,7650
3213,160,5986,1097,6972
3214,9902,15988,10492,16565
3215,9902,16565,10492,17534
3216,10492,15988,11266,16565
3217,16089,9915,16944,10603
3218,16089,10603,16944,11614
3219,16944,9915,17690,10603
3220,14792,11064,15930,11858
3221,14792,11858,15930,12247
3222,15930,11064,16528,11858
3223,7176,10906,7655,12074
3224,7176,12074,7655,12457
3225,7655,10906,8713,12074
3226,6105,9915,6917,10560
3227,6105,10560,6917,11135
3228,6917,9915,7198,10560
3229,892,9915,1551,10272
3230,892,10272,1551,11218
3231,1551,9915,2290,10272
3232,2815,10918,3694,11265
3233,2815,11265,3694,12092
3234,3694,10918,3865,11265
3235,2088,6110,2915,6591
3236,2088,6591,2915,7278
3237,2915,6110,3107,6591
3238,2767,1058,3723,1374
3239,2767,1374,3723,2378
3240,3723,1058,4064,1374
3241,0,17497,678,17981
3242,0,17981,678,19027
3243,678,17497,1388,17981
3244,0,3599,733,3813
3245,0,3813,733,4613
3246,733,3599,1232,3813
3247,2715,0,4038,1001
3248,2715,1001,4038,2529
3249,4038,0,4931,1001
3250,13244,9915,14029,10343
3251,13244,10343,14029,11237
3252,14029,9915,14792,10343
3253,14792,12247,14960,12606
3254,14792,12606,14960,13629
3255,14960,12247,15892,12606
3256,0,9915,2284,12811
3257,0,12811,2284,15108
3258,2284,9915,4758,12811
3259,18914,0,19117,671
3260,18914,671,19117,1330
3261,19117,0,20000,671
3262,0,2423,217,3111
3263,0,3111,217,3819
3264,217,2423,1063,3111
3265,5750,2489,6696,3573
3266,5750,3573,6696,3993
3267,6696,2489,7282,3573
3268,2221,9915,3222,11525
3269,2221,11525,3222,12412
3270,3222,9915,4592,11525
3271,0,6564,493,7476
3272,0,7476,493,7893
3273,493,6564,1415,7476
3274,4841,2500,5973,3617
3275,4841,3617,5973,4699
3276,5973,2500,7235,3617
3277,0,9915,549,10780
3278,0,10780,549,11267
3279,549,9915,1571,10780
3280,2060,0,2345,738
3281,2060,738,2345,1461
3282,2345,0,3378,738
3283,830,15170,1292,15404
3284,830,15404,1292,16247
3285,1292,15170,2246,15404
3286,0,9915,1286,11026
3287,0,11026,1286,12092
3288,1286,9915,2815,11026
3289,0,8537,451,9058
3290,0,9058,451,9915
3291,451,8537,1492,9058
3292,0,4613,2701,7226
3293,0,7226,2701,9915
3294,2701,4613,4806,7226
3295,9902,17534,10504,18033
3296,9902,18033,10504,18827
3297,10504,17534,11421,18033
3298,5060,0,7627,2279
3299,5060,2279,7627,4672
3300,7627,0,9902,2279
3301,14860,0,15395,1072
3302,14860,1072,15395,1476
3303,15395,0,16275,1072
3304,0,15170,688,15788
3305,0,15788,688,16585
3306,688,15170,1176,15788
3307,2088,4613,2434,5568
3308,2088,5568,2434,6110
3309,2434,4613,3107,5568
3310,7695,727,8581,1212
3311,7695,1212,8581,2238
3312,8581,727,9113,1212
3313,7573,11577,7827,12390
3314,7573,12390,7827,12823
3315,7827,11577,8641,12390
3316,8848,0,9717,465
3317,8848,465,9717,1070
3318,9717,0,9902,465
3319,2788,9915,3583,11176
3320,2788,11176,3583,12421
3321,3583,9915,4829,11176
3322,12161,9915,13542,11683
3323,12161,11683,13542,12675
3324,13542,9915,14792,11683
3325,0,2542,692,3463
3326,0,3463,692,4613
3327,692,2542,2060,3463
3328,4592,12863,5742,13167
3329,4592,13167,5742,13957
3330,5742,12863,6228,13167
3331,9902,15218,10655,15512
3332,9902,15512,10655,16252
3333,10655,15218,11309,15512
3334,9902,3555,10757,4225
3335,9902,4225,10757,5060
3336,10757,3555,11074,4225
3337,7557,9915,8027,10383
3338,7557,10383,8027,10918
3339,8027,9915,8784,10383
3340,0,8837,308,9060
3341,0,9060,308,9915
3342,308,8837,1351,9060
3343,0,0,2170,2661
3344,0,2661,2170,4672
3345,2170,0,5060,2661
3346,9902,3864,10305,4115
3347,9902,4115,10305,5130
3348,10305,3864,11112,4115
3349,0,9915,500,10817
3350,0,10817,500,11326
3351,500,9915,1724,10817
3352,4592,9915,5212,10370
3353,4592,10370,5212,11021
3354,5212,9915,5905,10370
3355,9902,16137,10375,16599
3356,9902,16599,10375,17534
3357,10375,16137,11483,16599
3358,0,3559,588,4386
3359,0,4386,588,4672
3360,588,3559,1734,4386
3361,14860,8636,15728,9247
3362,14860,9247,15728,9915
3363,15728,8636,16217,9247
3364,12161,9915,12914,10491
3365,12161,10491,12914,11683
3366,12914,9915,13542,10491
3367,7112,9915,8146,10901
3368,7112,10901,8146,11371
3369,8146,9915,8900,10901
3370,12477,15218,13277,16436
3371,12477,16436,13277,17964
3372,13277,15218,14792,16436
3373,3323,15170,3692,15865
3374,3323,15865,3692,16584
3375,3692,15170,4689,15865
3376,0,2543,841,3608
3377,0,3608,841,4699
3378,841,2543,2340,3608
3379,0,0,1198,937
3380,0,937,1198,2661
3381,1198,0,2170,937
3382,0,15170,1994,17738
3383,0,17738,1994,20000
3384,1994,15170,4689,17738
3385,11545,12887,12475,13178
3386,11545,13178,12475,14137
3387,12475,12887,12684,13178
3388,13244,9915,14184,10964
3389,13244,10964,14184,11237
3390,14184,9915,14792,10964
3391,2271,4613,2898,5480
3392,2271,5480,2898,6504
3393,2898,4613,3928,5480
3394,4592,11700,5449,12440
3395,4592,12440,5449,12863
3396,5449,11700,5955,12440
3397,9902,11511,10887,12589
3398,9902,12589,10887,12887
3399,10887,11511,11467,12589
3400,14792,9915,15180,10478
3401,14792,10478,15180,11614
3402,15180,9915,16089,10478
3403,11264,12887,11950,13496
3404,11264,13496,11950,13945
3405,11950,12887,12684,13496
3406,16044,9915,16936,10677
3407,16044,10677,16936,11264
3408,16936,9915,17594,10677
3409,0,15102,1379,16403
3410,0,16403,1379,17629
3411,1379,15102,2480,16403
3412,13577,9915,14190,10736
3413,13577,10736,14190,11454
3414,14190,9915,14792,10736
3415,11467,9915,11846,10401
3416,11467,10401,11846,11511
3417,11846,9915,12684,10401
3418,14792,12247,15949,12996
3419,14792,12996,15949,13576
3420,15949,12247,16364,12996
3421,7221,0,7571,687
3422,7221,687,7571,1162
3423,7571,0,8469,687
3424,12161,11237,12877,12250
3425,12161,12250,12877,12675
3426,12877,11237,13244,12250
3427,9902,2413,10643,3407
3428,9902,3407,10643,5130
3429,10643,2413,12159,3407
3430,11600,9915,12216,11129
3431,11600,11129,12216,11577
3432,12216,9915,12684,11129
3433,9902,2413,11086,4090
3434,9902,4090,11086,5130
3435,11086,2413,12159,4090
3436,13244,9915,13651,10538
3437,13244,10538,13651,11237
3438,13651,9915,14792,10538
3439,7112,9915,8674,11085
3440,7112,11085,8674,12863
3441,8674,9915,9902,11085
3442,4592,11123,5555,11899
3443,4592,11899,5555,12205
3444,5555,11123,5780,11899
3445,9902,9915,10260,10336
3446,9902,10336,10260,11227
3447,10260,9915,11112,10336
3448,5187,12103,6213,13427
3449,5187,13427,6213,14621
3450,6213,12103,7779,13427
3451,0,14692,2499,17544
3452,0,17544,2499,20000
3453,2499,14692,4829,17544
3454,4592,12205,5604,12771
3455,4592,12771,5604,13311
3456,5604,12205,5963,12771
3457,17398,16621,17786,17351
3458,17398,17351,17786,17901
3459,17786,16621,18821,17351
3460,2290,9915,3643,11752
3461,2290,11752,3643,12894
3462,3643,9915,4689,11752
3463,12665,5130,13840,5989
3464,12665,5989,13840,7513
3465,13840,5130,14860,5989
3466,0,2378,1203,3164
3467,0,3164,1203,4699
3468,1203,2378,2767,3164
3469,7372,0,8323,1003
3470,7372,1003,8323,2087
3471,8323,0,9902,1003
3472,2271,4613,3493,6001
3473,2271,6001,3493,7650
3474,3493,4613,4806,6001
3475,0,9915,4640,14755
3476,0,14755,4640,20000
3477,4640,9915,9902,14755
3478,7282,0,8329,403
3479,7282,403,8329,1155
3480,8329,0,8679,403
3481,1571,9915,2549,10312
3482,1571,10312,2549,11267
3483,2549,9915,2815,10312
3484,2450,16667,3101,16945
3485,2450,16945,3101,17802
3486,3101,16667,3851,16945
3487,7294,0,8216,959
3488,7294,959,8216,2137
3489,8216,0,9902,959
3490,0,4699,1174,6226
3491,0,6226,1174,7514
3492,1174,4699,2725,6226
3493,5187,12589,5856,13329
3494,5187,13329,5856,13596
3495,5856,12589,6240,13329
3496,5060,0,5989,1247
3497,5060,1247,5989,2411
3498,5989,0,7221,1247
3499,7189,0,8204,1452
3500,7189,1452,8204,2179
3501,8204,0,9902,1452
3502,5187,9915,6173,11155
3503,5187,11155,6173,11956
3504,6173,9915,7939,11155
3505,18556,0,18970,800
3506,18556,800,18970,1354
3507,18970,0,20000,800
3508,0,7359,949,8605
3509,0,8605,949,9915
3510,949,7359,2072,8605
3511,3434,15102,4227,15678
3512,3434,15678,4227,16638
3513,4227,15102,4592,15678
3514,1579,0,2435,355
3515,1579,355,2435,1062
3516,2435,0,2785,355
3517,0,18356,1082,18940
3518,0,18940,1082,20000
3519,1082,18356,1389,18940
3520,4592,9915,5160,10196
3521,4592,10196,5160,11252
3522,5160,9915,5743,10196
3523,0,16403,651,17278
3524,0,17278,651,17629
3525,651,16403,1379,17278
3526,4592,11530,5619,12427
3527,4592,12427,5619,12863
3528,5619,11530,6186,12427
3529,4592,9915,5347,10470
3530,4592,10470,5347,10955
3531,5347,9915,5968,10470
3532,0,7069,618,8197
3533,0,8197,618,8537
3534,618,7069,1492,8197
3535,3296,5135,4106,6255
3536,3296,6255,4106,6653
3537,4106,5135,4931,6255
3538,7176,11096,7645,12093
3539,7176,12093,7645,12457
3540,7645,11096,8899,12093
3541,11112,9915,11896,10924
3542,11112,10924,11896,11227
3543,11896,9915,12161,10924
3544,9902,11227,10903,11668
3545,9902,11668,10903,12675
3546,10903,11227,11112,11668
3547,0,9915,2130,12479
3548,0,12479,2130,15102
3549,2130,9915,4592,12479
3550,16450,9915,16759,10422
3551,16450,10422,16759,11109
3552,16759,9915,17690,10422
3553,7779,9915,8124,10964
3554,7779,10964,8124,11321
3555,8124,9915,8864,10964
3556,5750,2489,6481,2968
3557,5750,2968,6481,3993
3558,6481,2489,7282,2968
3559,17517,1330,18036,2326
3560,17517,2326,18036,2759
3561,18036,1330,18914,2326
3562,17083,6295,17871,7097
3563,17083,7097,17871,7456
3564,17871,6295,18636,7097
3565,987,17687,1566,18316
3566,987,18316,1566,18906
3567,1566,17687,2054,18316
3568,7112,9915,8695,11451
3569,7112,11451,8695,12863
3570,8695,9915,9902,11451
3571,4689,9915,5266,10367
3572,4689,10367,5266,11583
3573,5266,9915,5881,10367
3574,7189,770,7727,1197
3575,7189,1197,7727,2179
3576,7727,770,8656,1197
3577,0,7444,659,7824
3578,0,7824,659,8541
3579,659,7444,1567,7824
3580,2246,15170,2894,15670
3581,2246,15670,2894,16584
3582,2894,15170,3323,15670
3583,2785,1404,3273,2240
3584,2785,2240,3273,2601
3585,3273,1404,4160,2240
3586,14792,12247,15885,13651
3587,14792,13651,15885,15218
3588,15885,12247,17594,13651
3589,7939,9915,8711,10789
3590,7939,10789,8711,11956
3591,8711,9915,9902,10789
3592,2246,15170,2948,15716
3593,2246,15716,2948,16314
3594,2948,15170,3355,15716
3595,2242,0,2908,537
3596,2242,537,2908,1236
3597,2908,0,3800,537
3598,8864,9915,9011,10293
3599,8864,10293,9011,11321
3600,9011,9915,9902,10293
3601,14792,9915,15302,10433
3602,14792,10433,15302,11095
3603,15302,9915,16575,10433
3604,0,12303,1278,13432
3605,0,13432,1278,15170
3606,1278,12303,2611,13432
3607,2450,15170,3450,15588
3608,2450,15588,3450,16667
3609,3450,15170,3851,15588
3610,0,4699,791,5635
3611,0,5635,791,6133
3612,791,4699,1129,5635
3613,2072,6211,2948,7173
3614,2072,7173,2948,7359
3615,2948,6211,3292,7173
3616,18295,5130,19248,5593
3617,18295,5593,19248,6132
3618,19248,5130,20000,5593
3619,4592,9915,6391,11576
3620,4592,11576,6391,12717
3621,6391,9915,7557,11576
3622,12505,0,12959,645
3623,12505,645,12959,1338
3624,12959,0,13936,645
3625,18451,9915,19536,10376
3626,18451,10376,19536,11293
3627,19536,9915,20000,10376
3628,5060,0,6509,1281
3629,5060,1281,6509,2137
3630,6509,0,7294,1281
3631,880,9915,1413,10685
3632,880,10685,1413,11009
3633,1413,9915,2221,10685
3634,1936,15102,2483,15835
3635,1936,15835,2483,16329
3636,2483,15102,3590,15835
3637,14792,9915,15318,10587
3638,14792,10587,15318,11614
3639,15318,9915,16089,10587
3640,0,7650,882,8461
3641,0,8461,882,8792
3642,882,7650,1269,8461
3643,8204,0,9054,426
3644,8204,426,9054,1452
3645,9054,0,9902,426
3646,0,9915,586,10873
3647,0,10873,586,11220
3648,586,9915,1015,10873
3649,16528,9915,17279,10343
3650,16528,10343,17279,11064
3651,17279,9915,17594,10343
3652,2236,4672,2833,5454
3653,2236,5454,2833,5792
3654,2833,4672,3872,5454
3655,11086,2413,12000,3387
3656,11086,3387,12000,4090
3657,12000,2413,12159,3387
3658,0,2529,1607,3503
3659,0,3503,1607,5135
3660,1607,2529,2715,3503
3661,14792,9915,15710,10567
3662,14792,10567,15710,11095
3663,15710,9915,16575,10567
3664,7112,11209,7961,12335
3665,7112,12335,7961,12863
3666,7961,11209,8235,12335
3667,18936,0,19608,704
3668,18936,704,19608,1043
3669,19608,0,20000,704
3670,1203,12291,2223,13126
3671,1203,13126,2223,13330
3672,2223,12291,2628,13126
3673,3530,0,4091,785
3674,3530,785,4091,1268
3675,4091,0,4806,785
3676,17595,11291,18089,12205
3677,17595,12205,18089,12725
3678,18089,11291,18928,12205
3679,778,0,1683,521
3680,778,521,1683,1151
3681,1683,0,2321,521
3682,4689,12481,5444,13081
3683,4689,13081,5444,13820
3684,5444,12481,6299,13081
3685,0,15170,850,16148
3686,0,16148,850,16462
3687,850,15170,1613,16148
3688,14792,16750,15121,17478
3689,14792,17478,15121,17901
3690,15121,16750,16055,17478
3691,17594,9915,18482,11018
3692,17594,11018,18482,11406
3693,18482,9915,18995,11018
3694,8469,0,9349,662
3695,8469,662,9349,1162
3696,9349,0,9902,662
3697,9902,16290,10807,16639
3698,9902,16639,10807,17430
3699,10807,16290,11081,16639
3700,4841,0,5805,453
3701,4841,453,5805,1192
3702,5805,0,6194,453
3703,0,0,2328,1937
3704,0,1937,2328,4613
3705,2328,0,4806,1937
3706,17517,0,18111,799
3707,17517,799,18111,1330
3708,18111,0,18914,799
3709,18613,9915,19008,10601
3710,18613,10601,19008,11133
3711,19008,9915,20000,10601
3712,0,2550,1040,3274
3713,0,3274,1040,4613
3714,1040,2550,2242,3274
3715,7112,11163,7773,12317
3716,7112,12317,7773,12863
3717,7773,11163,8369,12317
3718,14792,11024,15671,12069
3719,14792,12069,15671,12802
3720,15671,11024,16502,12069
3721,4592,9915,5203,11070
3722,4592,11070,5203,11530
3723,5203,9915,6186,11070
3724,14792,9915,15339,10860
3725,14792,10860,15339,11095
3726,15339,9915,16575,10860
3727,0,0,1094,272
3728,0,272,1094,1062
3729,1094,0,1579,272
3730,5060,0,6112,1069
3731,5060,1069,6112,2279
3732,6112,0,7627,1069
3733,4841,0,6081,1052
3734,4841,1052,6081,2361
3735,6081,0,7296,1052
3736,7176,9915,8299,10827
3737,7176,10827,8299,12457
3738,8299,9915,9902,10827
3739,8784,9915,9419,10129
3740,8784,10129,9419,10918
3741,9419,9915,9902,10129
3742,4592,9915,4851,10571
3743,4592,10571,4851,11460
3744,4851,9915,5868,10571
3745,4689,12823,5753,13900
3746,4689,13900,5753,15170
3747,5753,12823,7573,13900
3748,9902,11668,10514,11886
3749,9902,11886,10514,12675
3750,10514,11668,10903,11886
3751,18556,0,19397,984
3752,18556,984,19397,1354
3753,19397,0,20000,984
3754,10807,7326,11713,7660
3755,10807,7660,11713,8754
3756,11713,7326,12058,7660
3757,5950,9915,6819,10755
3758,5950,10755,6819,11185
3759,6819,9915,7416,10755
3760,16120,9915,16525,10669
3761,16120,10669,16525,11138
3762,16525,9915,17595,10669
3763,2499,14692,3552,16082
3764,2499,16082,3552,17544
3765,3552,14692,4829,16082
3766,3643,9915,4201,10659
3767,3643,10659,4201,11752
3768,4201,9915,4689,10659
3769,7475,1116,7994,2084
3770,7475,2084,7994,2472
3771,7994,1116,8854,2084
3772,14792,12247,15849,13867
3773,14792,13867,15849,15218
3774,15849,12247,17594,13867
3775,4592,9915,5333,10870
3776,4592,10870,5333,11576
3777,5333,9915,6391,10870
3778,2767,1058,3646,1502
3779,2767,1502,3646,2378
3780,3646,1058,4064,1502
3781,0,18940,453,19864
3782,0,19864,453,20000
3783,453,18940,1082,19864
3784,9902,17430,11155,18893
3785,9902,18893,11155,20000
3786,11155,17430,12591,18893
3787,2954,14621,3945,15942
3788,2954,15942,3945,17030
3789,3945,14621,5187,15942
3790,7779,9915,8960,10643
3791,7779,10643,8960,12103
3792,8960,9915,9902,10643
3793,9902,18764,10563,19611
3794,9902,19611,10563,20000
3795,10563,18764,11308,19611
3796,12165,9915,13516,11382
3797,12165,11382,13516,12857
3798,13516,9915,14792,11382
3799,6088,9915,6799,10793
3800,6088,10793,6799,10926
3801,6799,9915,7126,10793
3802,5060,2479,5939,3629
3803,5060,3629,5939,4672
3804,5939,2479,7238,3629
3805,4841,2238,6177,3702
3806,4841,3702,6177,4699
3807,6177,2238,7695,3702
3808,0,15108,2100,17210
3809,0,17210,2100,20000
3810,2100,15108,4758,17210
3811,2088,4613,2481,5293
3812,2088,5293,2481,5857
3813,2481,4613,3098,5293
3814,14851,2279,16290,3646
3815,14851,3646,16290,5060
3816,16290,2279,17571,3646
3817,2242,1268,2991,1569
3818,2242,1569,2991,2550
3819,2991,1268,3530,1569
3820,6086,12863,6442,13101
3821,6086,13101,6442,13917
3822,6442,12863,7112,13101
3823,9902,15218,10932,16458
3824,9902,16458,10932,17534
3825,10932,15218,12699,16458
3826,14792,11138,15344,11837
3827,14792,11837,15344,12725
3828,15344,11138,16120,11837
3829,10797,9915,11181,10640
3830,10797,10640,11181,11635
3831,11181,9915,12165,10640
3832,5187,13427,5433,13631
3833,5187,13631,5433,14621
3834,5433,13427,6213,13631
3835,2271,4613,2857,4947
3836,2271,4947,2857,5951
3837,2857,4613,3382,4947
3838,11081,15218,11464,15723
3839,11081,15723,11464,16290
3840,11464,15218,12591,15723
3841,12161,9915,13150,10917
3842,12161,10917,13150,11683
3843,13150,9915,13542,10917
3844,18556,0,19120,984
3845,18556,984,19120,1354
3846,19120,0,20000,984
3847,5955,9915,6697,10901
3848,5955,10901,6697,11700
3849,6697,9915,7112,10901
3850,6697,10901,7112,11700
